0.0004,2039
0.003,2039
0.0061,2028
0.0119,2006
0.0177,1991
0.0235,1993
0.0292,1992
0.035,1993
0.0407,1995
0.0464,1993
0.0521,1995
0.0578,1993
0.0635,1995
0.0692,1994
0.0749,1992
0.0806,1993
0.0864,1995
0.0921,1995
0.0978,1993
0.1035,1995
0.1092,1994
0.1149,1994
0.1206,1994
0.1263,1992
0.132,1993
0.1377,1995
0.1434,1994
0.1491,1995
0.1549,1994
0.1606,1994
0.1663,1993
0.172,1993
0.1777,1993
0.1834,1994
0.1891,1996
0.1948,1996
0.2005,1995
0.2062,1993
0.2119,1993
0.2176,1994
0.2233,1993
0.2291,1995
0.2348,1995
0.2405,1993
0.2462,1996
0.2519,1995
0.2576,1993
0.2633,1992
0.269,1995
0.2747,1993
0.2804,1993
0.2861,1992
0.2918,1993
0.2976,1993
0.3033,1994
0.309,1995
0.3147,1994
0.3204,1994
0.3261,1992
0.3318,1995
0.3375,1994
0.3432,1994
0.3489,1995
0.3546,1993
0.3604,1995
0.3661,1994
0.3718,1994
0.3775,1994
0.3832,1992
0.3889,1994
0.3946,1994
0.4003,1994
0.406,1994
0.4117,1995
0.4174,1992
0.4232,1994
0.4289,1995
0.4346,1993
0.4403,1993
0.446,1992
0.4517,1994
0.4574,1995
0.4631,1992
0.4688,1994
0.4745,1994
0.4802,1995
0.4859,1994
0.4917,1993
0.4974,1994
0.5031,1994
0.5088,1993
0.5145,1995
0.5202,1994
0.5259,1995
0.5316,1993
0.5373,1993
0.543,1994
0.5487,1994
0.5544,1994
0.5602,1994
0.5659,1995
0.5716,1994
0.5773,1995
0.583,1994
0.5887,1994
0.5944,1994
0.6001,1994
0.6058,1994
0.6115,1993
0.6172,1993
0.6229,1993
0.6287,1994
0.6344,1993
0.6401,1994
0.6458,1992
0.6515,1993
0.6572,1993
0.6629,1994
0.6686,1994
0.6743,1994
0.6801,1995
0.6858,1994
0.6915,1995
0.6972,1994
0.7029,1994
0.7086,1992
0.7143,1994
0.72,1993
0.7257,1994
0.7314,1994
0.7371,1992
0.7429,1994
0.7486,1991
0.7543,1995
0.76,1993
0.7657,1993
0.7714,1992
0.7771,1994
0.7828,1993
0.7885,1992
0.7942,1995
0.7999,1994
0.8057,1991
0.8114,1995
0.8171,1993
0.8228,1994
0.8285,1994
0.8342,1993
0.8399,1993
0.8456,1992
0.8513,1994
0.857,1994
0.8627,1993
0.8684,1993
0.8741,1993
0.8799,1993
0.8856,1993
0.8913,1996
0.897,1994
0.9027,1992
0.9084,1995
0.9141,1993
0.9198,1993
0.9255,1993
0.9312,1992
0.9369,1992
0.9426,1992
0.9483,1992
0.9541,1993
0.9598,1994
0.9655,1994
0.9712,1994
0.9769,1993
0.9826,1994
0.9883,1995
0.994,1996
0.9997,1994
1.0055,1993
1.0112,1994
1.0169,1992
1.0226,1994
1.0283,1993
1.034,1995
1.0397,1991
1.0454,1996
1.0511,1992
1.0568,1994
1.0625,1993
1.0682,1993
1.074,1992
1.0797,1993
1.0854,1995
1.0911,1993
1.0968,1994
1.1025,1993
1.1082,1992
1.1139,1994
1.1196,1995
1.1254,1994
1.1311,1994
1.1368,1993
1.1425,1993
1.1482,1994
1.1539,1993
1.1596,1993
1.1653,1993
1.171,1993
1.1767,1994
1.1824,1995
1.1882,1994
1.1939,1994
1.1996,1994
1.2053,1994
1.211,1994
1.2167,1994
1.2224,1995
1.2281,1996
1.2338,1992
1.2395,1994
1.2452,1992
1.251,1994
1.2567,1991
1.2624,1993
1.2681,1993
1.2738,1995
1.2795,1992
1.2853,1993
1.291,1995
1.2967,1992
1.3024,1994
1.3081,1993
1.3138,1994
1.3195,1994
1.3252,1993
1.3309,1991
1.3366,1995
1.3423,1993
1.348,1993
1.3538,1994
1.3595,1993
1.3652,1993
1.3709,1993
1.3766,1993
1.3823,1995
1.388,1994
1.3937,1991
1.3994,1993
1.4051,1995
1.4108,1993
1.4166,1993
1.4223,1996
1.428,1994
1.4337,1995
1.4394,1995
1.4451,1995
1.4508,1993
1.4565,1993
1.4622,1992
1.468,1994
1.4737,1994
1.4794,1994
1.4851,1995
1.4908,1993
1.4965,1992
1.5022,1994
1.508,1994
1.5137,1991
1.5194,1993
1.5251,1995
1.5308,1993
1.5365,1993
1.5422,1995
1.5479,1993
1.5536,1992
1.5593,1994
1.565,1992
1.5708,1995
1.5765,1995
1.5822,1994
1.5879,1993
1.5936,1993
1.5993,1994
1.605,1993
1.6107,1996
1.6164,1993
1.6221,1995
1.6278,1993
1.6335,1992
1.6392,1992
1.6449,1995
1.6507,1994
1.6564,1994
1.6621,1994
1.6678,1994
1.6735,1995
1.6792,1994
1.6849,1995
1.6906,1993
1.6963,1992
1.702,1994
1.7077,1994
1.7135,1994
1.7192,1993
1.7249,1994
1.7306,1995
1.7363,1993
1.742,1992
1.7477,1993
1.7534,1993
1.7591,1992
1.7648,1993
1.7706,1993
1.7763,1994
1.782,1993
1.7877,1994
1.7934,1994
1.7991,1994
1.8049,1992
1.8106,1992
1.8163,1993
1.822,1993
1.8277,1993
1.8334,1993
1.8391,1995
1.8448,1993
1.8505,1995
1.8563,1993
1.862,1994
1.8677,1992
1.8734,1994
1.8791,1994
1.8848,1993
1.8905,1994
1.8962,1993
1.9019,1993
1.9076,1995
1.9133,1994
1.919,1993
1.9248,1993
1.9305,1996
1.9362,1993
1.9419,1995
1.9476,1993
1.9533,1995
1.959,1995
1.9647,1994
1.9704,1994
1.9761,1993
1.9818,1994
1.9875,1993
1.9933,1994
1.999,1994
2.0047,1994
2.0104,1993
2.0161,1994
2.0218,1994
2.0275,1995
2.0332,1995
2.0389,1995
2.0446,1993
2.0503,1993
2.0561,1994
2.0618,1994
2.0675,1994
2.0732,1993
2.0789,1995
2.0846,1994
2.0903,1995
2.096,1993
2.1017,1993
2.1074,1993
2.1131,1993
2.1188,1993
2.1245,1994
2.1303,1993
2.136,1995
2.1417,1994
2.1474,1992
2.1531,1993
2.1588,1994
2.1645,1993
2.1702,1994
2.1759,1994
2.1816,1994
2.1873,1994
2.193,1992
2.1987,1991
2.2045,1994
2.2102,1995
2.2159,1994
2.2216,1995
2.2273,1995
2.233,1994
2.2387,1994
2.2444,1994
2.2501,1993
2.2558,1994
2.2615,1994
2.2672,1995
2.273,1993
2.2787,1995
2.2844,1992
2.2901,1993
2.2958,1995
2.3015,1994
2.3072,1992
2.3129,1995
2.3186,1994
2.3243,1994
2.33,1995
2.3357,1994
2.3415,1992
2.3472,1993
2.3529,1992
2.3586,1994
2.3643,1993
2.37,1996
2.3757,1993
2.3814,1995
2.3871,1994
2.3928,1995
2.3985,1994
2.4042,1994
2.41,1993
2.4157,1993
2.4214,1995
2.4271,1993
2.4328,1994
2.4385,1994
2.4442,1994
2.4499,1993
2.4556,1994
2.4613,1993
2.4671,1995
2.4728,1993
2.4785,1994
2.4842,1992
2.4899,1994
2.4956,1995
2.5013,1994
2.507,1995
2.5128,1995
2.5185,1992
2.5242,1994
2.5299,1993
2.5356,1993
2.5413,1994
2.547,1993
2.5527,1994
2.5584,1993
2.5641,1994
2.5698,1992
2.5755,1995
2.5812,1993
2.587,1994
2.5927,1993
2.5984,1995
2.6041,1995
2.6098,1994
2.6155,1995
2.6212,1995
2.6269,1994
2.6326,1997
2.6383,1994
2.644,1995
2.6497,1993
2.6555,1993
2.6612,1993
2.6669,1995
2.6726,1994
2.6783,1993
2.684,1993
2.6897,1995
2.6954,1995
2.7011,1995
2.7068,1994
2.7125,1994
2.7182,1994
2.7239,1995
2.7296,1993
2.7354,1991
2.7411,1996
2.7468,1993
2.7525,1993
2.7582,1993
2.7639,1994
2.7696,1996
2.7753,1995
2.781,1994
2.7867,1993
2.7924,1995
2.7981,1993
2.8038,1993
2.8095,1992
2.8153,1993
2.821,1994
2.8267,1993
2.8324,1992
2.8381,1994
2.8438,1994
2.8495,1994
2.8552,1994
2.8609,1995
2.8667,1995
2.8724,1993
2.8781,1993
2.8838,1994
2.8895,1993
2.8952,1994
2.9009,1993
2.9066,1992
2.9123,1994
2.918,1995
2.9237,1994
2.9294,1995
2.9351,1993
2.9409,1994
2.9466,1994
2.9523,1991
2.958,1994
2.9637,1994
2.9694,1993
2.9751,1994
2.9808,1994
2.9865,1994
2.9922,1992
2.998,1995
3.0037,1993
3.0094,1993
3.0151,1991
3.0208,1995
3.0265,1994
3.0322,1994
3.0379,1994
3.0436,1994
3.0493,1994
3.0551,1994
3.0608,1994
3.0665,1994
3.0722,1993
3.0779,1993
3.0836,1995
3.0893,1994
3.095,1995
3.1007,1994
3.1064,1996
3.1121,1995
3.1178,1994
3.1235,1994
3.1292,1992
3.1349,1994
3.1406,1993
3.1464,1994
3.1521,1992
3.1578,1993
3.1635,1995
3.1692,1995
3.1749,1996
3.1806,1993
3.1863,1994
3.192,1995
3.1977,1993
3.2034,1995
3.2092,1994
3.2149,1993
3.2206,1994
3.2263,1994
3.232,1993
3.2377,1995
3.2434,1993
3.2491,1993
3.2548,1995
3.2605,1993
3.2662,1996
3.2719,1995
3.2776,1994
3.2834,1995
3.2891,1993
3.2948,1996
3.3005,1993
3.3062,1993
3.3119,1996
3.3176,1993
3.3233,1996
3.329,1993
3.3347,1992
3.3404,1993
3.3461,1993
3.3519,1997
3.3576,1994
3.3633,1993
3.369,1995
3.3747,1994
3.3804,1995
3.3861,1994
3.3918,1994
3.3975,1994
3.4032,1993
3.4089,1995
3.4146,1993
3.4203,1992
3.4261,1995
3.4318,1992
3.4375,1995
3.4432,1993
3.4489,1993
3.4546,1995
3.4603,1996
3.466,1993
3.4717,1993
3.4774,1993
3.4831,1994
3.4889,1994
3.4946,1995
3.5003,1994
3.506,1995
3.5117,1993
3.5174,1993
3.5231,1995
3.5288,1993
3.5345,1995
3.5402,1994
3.5459,1993
3.5516,1996
3.5573,1993
3.563,1994
3.5688,1993
3.5745,1995
3.5802,1995
3.5859,1995
3.5916,1995
3.5973,1994
3.603,1992
3.6087,1995
3.6144,1993
3.6201,1994
3.6258,1993
3.6315,1992
3.6372,1994
3.6429,1994
3.6487,1994
3.6544,1994
3.6601,1995
3.6658,1993
3.6715,1995
3.6772,1993
3.6829,1993
3.6886,1996
3.6943,1993
3.7,1995
3.7057,1995
3.7114,1993
3.7172,1994
3.7229,1994
3.7286,1995
3.7343,1995
3.74,1995
3.7457,1993
3.7514,1994
3.7571,1994
3.7628,1996
3.7685,1995
3.7743,1994
3.78,1992
3.7857,1993
3.7914,1995
3.7971,1995
3.8028,1994
3.8085,1994
3.8142,1994
3.8199,1995
3.8257,1994
3.8314,1993
3.8371,1993
3.8428,1994
3.8485,1995
3.8542,1994
3.8599,1994
3.8656,1995
3.8713,1996
3.877,1992
3.8827,1995
3.8884,1994
3.8942,1994
3.8999,1995
3.9056,1992
3.9113,1994
3.917,1995
3.9227,1994
3.9284,1993
3.9341,1994
3.9398,1993
3.9455,1994
3.9513,1994
3.957,1992
3.9627,1992
3.9684,1995
3.9741,1993
3.9798,1995
3.9855,1994
3.9912,1995
3.9969,1993
4.0026,1995
4.0084,1994
4.0141,1994
4.0198,1995
4.0255,1996
4.0312,1993
4.0369,1993
4.0426,1994
4.0483,1994
4.054,1996
4.0597,1996
4.0654,1994
4.0712,1995
4.0769,1992
4.0826,1995
4.0883,1995
4.094,1996
4.0997,1994
4.1054,1994
4.1111,1996
4.1168,1994
4.1225,1994
4.1282,1993
4.134,1994
4.1397,1995
4.1454,1994
4.1511,1995
4.1568,1994
4.1625,1993
4.1682,1996
4.1739,1993
4.1796,1993
4.1854,1994
4.1911,1996
4.1968,1995
4.2025,1993
4.2082,1993
4.2139,1993
4.2196,1994
4.2253,1995
4.231,1996
4.2367,1994
4.2424,1994
4.2481,1995
4.2539,1994
4.2596,1993
4.2653,1994
4.271,1995
4.2767,1996
4.2824,1994
4.2881,1997
4.2938,1993
4.2995,1994
4.3052,1996
4.3109,1993
4.3166,1991
4.3224,1993
4.3281,1993
4.3338,1994
4.3395,1994
4.3452,1996
4.3509,1994
4.3566,1995
4.3623,1995
4.368,1992
4.3737,1994
4.3794,1994
4.3851,1997
4.3909,1993
4.3966,1993
4.4023,1993
4.408,1995
4.4137,1993
4.4194,1994
4.4251,1991
4.4308,1994
4.4365,1994
4.4422,1995
4.4479,1993
4.4536,1993
4.4594,1994
4.4651,1994
4.4708,1992
4.4765,1994
4.4822,1996
4.4879,1992
4.4936,1995
4.4993,1994
4.505,1994
4.5107,1993
4.5164,1994
4.5221,1994
4.5279,1996
4.5336,1994
4.5393,1995
4.545,1994
4.5507,1995
4.5564,1993
4.5621,1994
4.5678,1994
4.5735,1995
4.5792,1993
4.5849,1991
4.5906,1994
4.5964,1995
4.6021,1993
4.6078,1996
4.6135,1996
4.6192,1994
4.6249,1994
4.6306,1995
4.6363,1995
4.642,1994
4.6477,1995
4.6534,1993
4.6591,1994
4.6648,1995
4.6705,1995
4.6763,1995
4.682,1992
4.6877,1994
4.6934,1994
4.6991,1992
4.7048,1994
4.7105,1995
4.7162,1993
4.7219,1995
4.7276,1996
4.7333,1995
4.739,1996
4.7447,1995
4.7505,1995
4.7562,1994
4.7619,1994
4.7676,1992
4.7733,1994
4.779,1994
4.7847,1993
4.7904,1993
4.7961,1994
4.8018,1995
4.8075,1995
4.8133,1995
4.819,1991
4.8247,1992
4.8304,1992
4.8361,1992
4.8418,1994
4.8475,1995
4.8532,1993
4.8589,1995
4.8646,1993
4.8703,1993
4.8761,1995
4.8818,1994
4.8875,1994
4.8932,1994
4.8989,1994
4.9046,1994
4.9103,1994
4.916,1995
4.9217,1995
4.9274,1994
4.9331,1992
4.9388,1994
4.9445,1993
4.9502,1996
4.956,1995
4.9617,1995
4.9674,1994
4.9731,1996
4.9788,1997
4.9845,1995
4.9902,1994
4.9959,1995
5.0016,1992
5.0073,1992
5.013,1995
5.0188,1995
5.0245,1994
5.0302,1993
5.0359,1994
5.0416,1994
5.0473,1992
5.053,1994
5.0587,1995
5.0644,1993
5.0701,1993
5.0758,1994
5.0815,1993
5.0873,1994
5.093,1994
5.0987,1995
5.1044,1994
5.1101,1993
5.1158,1993
5.1215,1993
5.1272,1994
5.1329,1994
5.1386,1996
5.1443,1996
5.15,1992
5.1557,1994
5.1614,1995
5.1671,1996
5.1729,1994
5.1786,1988
5.1843,1992
5.19,1995
5.1957,1994
5.2014,1994
5.2071,1993
5.2128,1992
5.2185,1995
5.2242,1992
5.2299,1994
5.2356,1994
5.2414,1994
5.2471,1994
5.2528,1994
5.2585,1994
5.2642,1993
5.2699,1993
5.2756,1996
5.2813,1993
5.287,1994
5.2927,1993
5.2984,1992
5.3042,1994
5.3099,1996
5.3156,1995
5.3213,1993
5.327,1994
5.3327,1994
5.3384,1998
5.3441,1994
5.3498,1996
5.3556,1994
5.3613,1994
5.367,1995
5.3727,1993
5.3784,1993
5.3841,1995
5.3898,1994
5.3955,1996
5.4012,1994
5.4069,1993
5.4126,1992
5.4183,1993
5.4241,1993
5.4298,1993
5.4355,1994
5.4412,1994
5.4469,1995
5.4526,1994
5.4583,1996
5.464,1993
5.4697,1995
5.4754,1992
5.4812,1995
5.4869,1994
5.4926,1992
5.4983,1994
5.504,1995
5.5097,1997
5.5154,1995
5.5211,1995
5.5268,1996
5.5325,1993
5.5382,1995
5.5439,1996
5.5497,1995
5.5554,1993
5.5611,1995
5.5668,1994
5.5725,1995
5.5782,1996
5.5839,1993
5.5896,1994
5.5953,1994
5.601,1995
5.6067,1991
5.6124,1993
5.6182,1994
5.6239,1994
5.6296,1994
5.6353,1993
5.641,1992
5.6467,1996
5.6524,1992
5.6581,1994
5.6638,1995
5.6695,1995
5.6752,1994
5.6809,1994
5.6866,1997
5.6924,1994
5.6981,1993
5.7038,1994
5.7095,1995
5.7152,1994
5.7209,1995
5.7266,1993
5.7323,1996
5.738,1994
5.7437,1994
5.7494,1993
5.7551,1993
5.7608,1993
5.7665,1993
5.7723,1992
5.778,1992
5.7837,1996
5.7894,1992
5.7951,1994
5.8008,1994
5.8065,1993
5.8122,1993
5.8179,1995
5.8236,1994
5.8293,1995
5.835,1993
5.8407,1995
5.8465,1994
5.8522,1994
5.8579,1994
5.8636,1995
5.8693,1993
5.875,1995
5.8807,1994
5.8864,1994
5.8921,1993
5.8978,1994
5.9036,1993
5.9093,1995
5.915,1996
5.9207,1996
5.9264,1994
5.9321,1994
5.9378,1994
5.9435,1995
5.9493,1994
5.955,1993
5.9607,1995
5.9664,1994
5.9721,1994
5.9778,1995
5.9835,1993
5.9892,1995
5.9949,1994
6.0006,1993
6.0063,1994
6.0121,1994
6.0178,1994
6.0235,1995
6.0292,1994
6.0349,1992
6.0406,1995
6.0463,1994
6.052,1995
6.0577,1994
6.0634,1994
6.0691,1995
6.0748,1995
6.0805,1994
6.0863,1993
6.092,1993
6.0977,1997
6.1034,1994
6.1091,1992
6.1148,1995
6.1205,1993
6.1262,1993
6.1319,1994
6.1376,1995
6.1433,1994
6.149,1993
6.1548,1995
6.1605,1995
6.1662,1992
6.1719,1993
6.1776,1993
6.1833,1995
6.189,1993
6.1947,1992
6.2004,1994
6.2061,1996
6.2118,1993
6.2176,1993
6.2233,1994
6.229,1995
6.2347,1995
6.2404,1995
6.2461,1995
6.2518,1995
6.2575,1994
6.2632,1992
6.2689,1995
6.2747,1995
6.2804,1995
6.2861,1993
6.2918,1995
6.2975,1995
6.3032,1992
6.3089,1997
6.3146,1994
6.3203,1995
6.326,1994
6.3317,1995
6.3374,1993
6.3431,1994
6.3489,1995
6.3546,1996
6.3603,1996
6.366,1994
6.3717,1994
6.3774,1995
6.3831,1994
6.3888,1995
6.3945,1994
6.4002,1994
6.4059,1994
6.4116,1995
6.4174,1993
6.4231,1995
6.4288,1993
6.4345,1995
6.4402,1995
6.4459,1994
6.4516,1993
6.4573,1995
6.463,1995
6.4687,1992
6.4744,1994
6.4802,1994
6.4859,1996
6.4916,1995
6.4973,1994
6.503,1993
6.5087,1992
6.5144,1994
6.5201,1994
6.5258,1994
6.5315,1993
6.5372,1995
6.5429,1994
6.5486,1995
6.5544,1995
6.5601,1995
6.5658,1994
6.5715,1995
6.5772,1995
6.5829,1993
6.5886,1995
6.5943,1995
6.6,1995
6.6057,1994
6.6114,1995
6.6171,1992
6.6229,1994
6.6286,1994
6.6343,1993
6.64,1994
6.6457,1994
6.6514,1994
6.6571,1995
6.6628,1995
6.6685,1995
6.6742,1994
6.6799,1993
6.6856,1996
6.6914,1994
6.6971,1992
6.7028,1995
6.7085,1994
6.7142,1995
6.7199,1994
6.7256,1993
6.7313,1995
6.737,1993
6.7428,1994
6.7485,1993
6.7542,1995
6.7599,1995
6.7656,1993
6.7713,1993
6.777,1993
6.7827,1991
6.7884,1994
6.7941,1994
6.7998,1994
6.8056,1993
6.8113,1996
6.817,1995
6.8227,1996
6.8284,1994
6.8341,1994
6.8398,1992
6.8455,1993
6.8512,1994
6.8569,1991
6.8627,1992
6.8684,1995
6.8741,1994
6.8798,1995
6.8855,1995
6.8912,1995
6.8969,1995
6.9026,1994
6.9083,1996
6.914,1995
6.9197,1995
6.9254,1992
6.9311,1994
6.9368,1995
6.9426,1993
6.9483,1994
6.954,1994
6.9597,1994
6.9654,1995
6.9711,1995
6.9768,1993
6.9825,1993
6.9882,1995
6.9939,1993
6.9996,1995
7.0053,1994
7.0111,1994
7.0168,1993
7.0225,1993
7.0282,1996
7.0339,1995
7.0396,1995
7.0453,1994
7.051,1992
7.0567,1995
7.0624,1994
7.0682,1994
7.0739,1994
7.0796,1993
7.0853,1995
7.091,1994
7.0967,1995
7.1024,1994
7.1082,1995
7.1139,1995
7.1196,1994
7.1253,1992
7.131,1994
7.1367,1993
7.1424,1993
7.1481,1995
7.1538,1994
7.1595,1994
7.1652,1994
7.1709,1995
7.1767,1996
7.1824,1994
7.1881,1994
7.1938,1995
7.1995,1993
7.2052,1992
7.2109,1996
7.2166,1993
7.2223,1993
7.228,1995
7.2337,1994
7.2394,1995
7.2452,1994
7.2509,1994
7.2566,1993
7.2623,1993
7.268,1995
7.2737,1996
7.2794,1995
7.2851,1993
7.2908,1994
7.2965,1994
7.3022,1993
7.3079,1997
7.3137,1996
7.3194,1994
7.3251,1995
7.3308,1993
7.3365,1994
7.3422,1994
7.3479,1995
7.3536,1995
7.3593,1995
7.365,1994
7.3707,1994
7.3765,1995
7.3822,1994
7.3879,1993
7.3936,1994
7.3993,1997
7.405,1996
7.4107,1992
7.4164,1994
7.4221,1995
7.4278,1994
7.4335,1993
7.4392,1994
7.445,1994
7.4507,1996
7.4564,1994
7.4621,1993
7.4678,1996
7.4735,1992
7.4792,1994
7.4849,1994
7.4906,1996
7.4963,1995
7.502,1995
7.5077,1995
7.5134,1993
7.5192,1994
7.5249,1993
7.5306,1993
7.5363,1994
7.542,1996
7.5477,1995
7.5534,1995
7.5591,1995
7.5648,1994
7.5705,1994
7.5762,1994
7.5819,1994
7.5876,1995
7.5933,1994
7.5991,1992
7.6048,1995
7.6105,1994
7.6162,1994
7.6219,1993
7.6276,1994
7.6333,1994
7.639,1994
7.6447,1994
7.6504,1993
7.6561,1993
7.6618,1994
7.6675,1995
7.6733,1994
7.679,1993
7.6847,1992
7.6904,1993
7.6961,1994
7.7018,1992
7.7075,1994
7.7132,1994
7.7189,1994
7.7246,1994
7.7304,1996
7.7361,1994
7.7418,1995
7.7475,1995
7.7532,1993
7.7589,1995
7.7646,1993
7.7703,1994
7.776,1994
7.7817,1995
7.7874,1992
7.7931,1995
7.7989,1994
7.8046,1994
7.8103,1993
7.816,1993
7.8217,1994
7.8274,1995
7.8331,1995
7.8388,1995
7.8445,1993
7.8503,1992
7.856,1994
7.8617,1997
7.8674,1994
7.8731,1996
7.8788,1993
7.8845,1995
7.8902,1993
7.8959,1994
7.9016,1995
7.9073,1994
7.913,1996
7.9187,1995
7.9245,1995
7.9302,1995
7.9359,1994
7.9416,1995
7.9473,1995
7.953,1993
7.9587,1994
7.9644,1996
7.9701,1993
7.9758,1994
7.9815,1996
7.9873,1994
7.993,1995
7.9987,1994
8.0044,1994
8.0101,1993
8.0158,1993
8.0215,1994
8.0272,1994
8.0329,1993
8.0386,1994
8.0444,1993
8.0501,1995
8.0558,1994
8.0615,1994
8.0672,1994
8.0729,1995
8.0786,1994
8.0843,1993
8.09,1994
8.0957,1993
8.1014,1994
8.1071,1994
8.1129,1996
8.1186,1995
8.1243,1996
8.13,1995
8.1357,1996
8.1414,1996
8.1471,1994
8.1528,1996
8.1585,1995
8.1642,1994
8.1699,1994
8.1757,1995
8.1814,1995
8.1871,1994
8.1928,1993
8.1985,1994
8.2042,1994
8.2099,1993
8.2156,1995
8.2213,1994
8.227,1995
8.2328,1993
8.2385,1993
8.2442,1993
8.2499,1994
8.2556,1994
8.2613,1992
8.267,1995
8.2727,1993
8.2784,1993
8.2841,1996
8.2898,1993
8.2955,1993
8.3012,1994
8.3069,1993
8.3127,1994
8.3184,1995
8.3241,1994
8.3298,1994
8.3355,1994
8.3412,1995
8.3469,1996
8.3526,1993
8.3583,1996
8.364,1994
8.3697,1994
8.3754,1994
8.3812,1992
8.3869,1994
8.3926,1995
8.3983,1992
8.404,1994
8.4097,1994
8.4154,1995
8.4211,1994
8.4268,1995
8.4325,1992
8.4382,1995
8.4439,1995
8.4496,1993
8.4554,1994
8.4611,1994
8.4668,1993
8.4725,1993
8.4782,1994
8.4839,1993
8.4896,1994
8.4953,1993
8.501,1995
8.5067,1994
8.5124,1995
8.5181,1996
8.5239,1994
8.5296,1993
8.5353,1995
8.541,1995
8.5467,1995
8.5524,1994
8.5581,1994
8.5638,1994
8.5695,1994
8.5752,1994
8.5809,1995
8.5866,1994
8.5924,1995
8.5981,1994
8.6038,1994
8.6095,1994
8.6152,1996
8.6209,1992
8.6266,1995
8.6323,1993
8.638,1993
8.6437,1993
8.6494,1994
8.6551,1994
8.6609,1995
8.6666,1995
8.6723,1992
8.678,1992
8.6837,1993
8.6894,1996
8.6951,1995
8.7008,1995
8.7065,1995
8.7122,1994
8.7179,1994
8.7236,1994
8.7293,1995
8.7351,1994
8.7408,1993
8.7465,1995
8.7522,1994
8.7579,1995
8.7636,1994
8.7693,1993
8.775,1993
8.7807,1993
8.7864,1995
8.7921,1995
8.7978,1994
8.8036,1995
8.8093,1991
8.815,1994
8.8207,1996
8.8264,1994
8.8321,1995
8.8378,1995
8.8435,1994
8.8492,1996
8.8549,1994
8.8606,1995
8.8663,1994
8.872,1996
8.8778,1993
8.8835,1994
8.8892,1993
8.8949,1995
8.9006,1996
8.9063,1994
8.912,1995
8.9177,1995
8.9234,1995
8.9291,1994
8.9348,1993
8.9405,1997
8.9463,1996
8.952,1997
8.9577,1994
8.9634,1993
8.9691,1994
8.9748,1996
8.9805,1994
8.9862,1994
8.9919,1996
8.9976,1994
9.0033,1995
9.009,1992
9.0147,1995
9.0205,1994
9.0262,1994
9.0319,1995
9.0376,1995
9.0433,1994
9.049,1994
9.0547,1992
9.0604,1994
9.0661,1996
9.0718,1995
9.0776,1996
9.0833,1994
9.089,1994
9.0947,1995
9.1004,1994
9.1061,1994
9.1118,1994
9.1175,1994
9.1232,1994
9.1289,1994
9.1346,1995
9.1403,1994
9.146,1993
9.1518,1994
9.1575,1993
9.1632,1994
9.1689,1993
9.1746,1994
9.1803,1995
9.186,1993
9.1917,1993
9.1974,1993
9.2031,1997
9.2088,1994
9.2145,1996
9.2203,1994
9.226,1995
9.2317,1993
9.2374,1994
9.2431,1993
9.2488,1993
9.2545,1995
9.2602,1995
9.2659,1995
9.2716,1994
9.2774,1995
9.2831,1994
9.2888,1992
9.2945,1993
9.3002,1993
9.3059,1994
9.3116,1995
9.3173,1995
9.323,1996
9.3287,1994
9.3344,1995
9.3401,1994
9.3459,1996
9.3516,1993
9.3573,1993
9.363,1993
9.3687,1995
9.3744,1994
9.3801,1994
9.3858,1997
9.3915,1995
9.3972,1996
9.4029,1995
9.4087,1994
9.4144,1993
9.4201,1994
9.4258,1994
9.4315,1994
9.4372,1994
9.4429,1994
9.4486,1994
9.4543,1994
9.4601,1993
9.4658,1993
9.4715,1994
9.4772,1994
9.4829,1993
9.4886,1995
9.4943,1993
9.5,1997
9.5057,1995
9.5114,1992
9.5171,1994
9.5229,1996
9.5286,1993
9.5343,1994
9.54,1995
9.5457,1994
9.5514,1995
9.5571,1997
9.5628,1993
9.5685,1995
9.5742,1994
9.5799,1995
9.5857,1995
9.5914,1993
9.5971,1994
9.6028,1994
9.6085,1993
9.6142,1995
9.6199,1996
9.6256,1993
9.6313,1994
9.6371,1992
9.6428,1996
9.6485,1995
9.6542,1995
9.6599,1996
9.6656,1995
9.6713,1994
9.677,1996
9.6827,1995
9.6884,1993
9.6941,1993
9.6998,1996
9.7055,1994
9.7112,1994
9.7169,1994
9.7227,1994
9.7284,1994
9.7341,1996
9.7398,1994
9.7455,1994
9.7512,1993
9.7569,1995
9.7626,1994
9.7683,1994
9.774,1994
9.7797,1995
9.7854,1993
9.7911,1995
9.7969,1992
9.8026,1994
9.8083,1995
9.814,1995
9.8197,1995
9.8254,1995
9.8311,1993
9.8368,1994
9.8426,1993
9.8483,1994
9.854,1993
9.8597,1996
9.8654,1994
9.8711,1995
9.8768,1994
9.8825,1993
9.8882,1995
9.8939,1996
9.8996,1996
9.9053,1993
9.9111,1996
9.9168,1996
9.9225,1994
9.9282,1993
9.9339,1993
9.9396,1993
9.9453,1994
9.951,1994
9.9567,1995
9.9624,1993
9.9681,1994
9.9738,1994
9.9796,1995
9.9853,1993
9.991,1993
9.9967,1995
10.0024,1995
10.0081,1992
10.0138,1995
10.0195,1995
10.0252,1994
10.0309,1995
10.0366,1993
10.0424,1994
10.0481,1994
10.0538,1993
10.0595,1996
10.0652,1994
10.0709,1995
10.0766,1994
10.0823,1995
10.088,1994
10.0937,1993
10.0994,1994
10.1051,1995
10.1108,1995
10.1166,1996
10.1223,1994
10.128,1995
10.1337,1995
10.1394,1995
10.1451,1996
10.1508,1993
10.1565,1995
10.1622,1994
10.1679,1993
10.1737,1993
10.1794,1994
10.1851,1995
10.1908,1994
10.1965,1993
10.2022,1995
10.2079,1995
10.2136,1993
10.2193,1996
10.2251,1995
10.2308,1996
10.2365,1993
10.2422,1992
10.2479,1995
10.2536,1994
10.2593,1993
10.265,1993
10.2707,1994
10.2764,1996
10.2821,1995
10.2878,1993
10.2936,1995
10.2993,1993
10.305,1996
10.3107,1994
10.3164,1996
10.3221,1994
10.3278,1994
10.3335,1993
10.3392,1994
10.3449,1993
10.3506,1995
10.3564,1994
10.3621,1992
10.3678,1996
10.3735,1994
10.3792,1994
10.3849,1995
10.3906,1996
10.3963,1995
10.402,1993
10.4077,1995
10.4134,1995
10.4192,1994
10.4249,1994
10.4306,1996
10.4363,1994
10.442,1994
10.4477,1994
10.4534,1996
10.4591,1996
10.4648,1994
10.4705,1994
10.4762,1993
10.482,1996
10.4877,1996
10.4934,1995
10.4991,1993
10.5048,1994
10.5105,1992
10.5162,1993
10.5219,1995
10.5276,1994
10.5333,1994
10.539,1993
10.5447,1994
10.5504,1994
10.5562,1994
10.5619,1996
10.5676,1995
10.5733,1994
10.579,1995
10.5847,1994
10.5904,1995
10.5961,1995
10.6018,1995
10.6075,1996
10.6132,1995
10.6189,1995
10.6246,1994
10.6304,1994
10.6361,1996
10.6418,1994
10.6475,1993
10.6532,1995
10.6589,1995
10.6646,1993
10.6703,1994
10.676,1993
10.6817,1993
10.6874,1993
10.6932,1992
10.6989,1994
10.7046,1995
10.7103,1994
10.716,1995
10.7217,1994
10.7274,1992
10.7331,1995
10.7388,1996
10.7445,1993
10.7503,1992
10.756,1995
10.7617,1995
10.7674,1994
10.7731,1993
10.7788,1996
10.7845,1995
10.7902,1996
10.7959,1994
10.8016,1997
10.8073,1994
10.813,1995
10.8188,1994
10.8245,1994
10.8302,1995
10.8359,1994
10.8416,1994
10.8473,1997
10.853,1995
10.8587,1994
10.8644,1995
10.8701,1995
10.8758,1993
10.8815,1995
10.8873,1996
10.893,1994
10.8987,1994
10.9044,1995
10.9101,1996
10.9158,1993
10.9215,1994
10.9272,1995
10.9329,1997
10.9386,1993
10.9443,1993
10.95,1993
10.9557,1993
10.9615,1994
10.9672,1996
10.9729,1993
10.9786,1995
10.9843,1995
10.99,1995
10.9957,1995
11.0014,1995
11.0071,1995
11.0128,1994
11.0185,1993
11.0242,1998
11.03,1995
11.0357,1995
11.0414,1995
11.0471,1993
11.0528,1995
11.0585,1996
11.0642,1995
11.0699,1995
11.0756,1994
11.0813,1993
11.087,1996
11.0928,1995
11.0985,1995
11.1042,1995
11.1099,1995
11.1156,1994
11.1213,1993
11.127,1995
11.1327,1994
11.1384,1992
11.1441,1995
11.1498,1995
11.1555,1996
11.1613,1994
11.167,1995
11.1727,1995
11.1784,1993
11.1841,1994
11.1898,1995
11.1955,1996
11.2012,1994
11.2069,1995
11.2126,1994
11.2183,1995
11.224,1996
11.2298,1995
11.2355,1995
11.2412,1995
11.2469,1995
11.2526,1993
11.2583,1996
11.264,1993
11.2697,1994
11.2754,1996
11.2811,1996
11.2868,1995
11.2925,1994
11.2982,1994
11.3039,1996
11.3097,1993
11.3154,1995
11.3211,1993
11.3268,1995
11.3325,1995
11.3382,1995
11.3439,1994
11.3496,1996
11.3553,1994
11.361,1995
11.3667,1992
11.3725,1994
11.3782,1995
11.3839,1993
11.3896,1993
11.3953,1996
11.401,1993
11.4067,1994
11.4124,1995
11.4181,1994
11.4238,1994
11.4295,1993
11.4352,1995
11.4409,1996
11.4467,1995
11.4524,1993
11.4581,1997
11.4638,1996
11.4695,1994
11.4752,1994
11.4809,1996
11.4866,1995
11.4923,1995
11.498,1993
11.5037,1993
11.5094,1993
11.5151,1994
11.5208,1994
11.5266,1994
11.5323,1995
11.538,1994
11.5437,1994
11.5494,1995
11.5551,1994
11.5608,1994
11.5665,1995
11.5722,1993
11.5779,1994
11.5837,1993
11.5894,1994
11.5951,1995
11.6008,1994
11.6065,1994
11.6122,1994
11.6179,1995
11.6236,1995
11.6293,1995
11.635,1994
11.6407,1994
11.6464,1994
11.6522,1995
11.6579,1994
11.6636,1995
11.6693,1993
11.675,1996
11.6807,1995
11.6864,1993
11.6921,1993
11.6978,1992
11.7035,1997
11.7092,1996
11.7149,1993
11.7207,1994
11.7264,1994
11.7321,1995
11.7378,1996
11.7435,1994
11.7492,1993
11.7549,1992
11.7606,1992
11.7663,1993
11.772,1994
11.7777,1994
11.7834,1996
11.7892,1994
11.7949,1994
11.8006,1995
11.8063,1994
11.812,1994
11.8177,1993
11.8234,1995
11.8291,1994
11.8348,1995
11.8405,1993
11.8462,1995
11.8519,1995
11.8577,1995
11.8634,1994
11.8691,1995
11.8748,1997
11.8805,1994
11.8862,1995
11.8919,1993
11.8976,1994
11.9033,1996
11.909,1995
11.9147,1995
11.9205,1996
11.9262,1996
11.9319,1994
11.9376,1993
11.9433,1995
11.949,1995
11.9547,1997
11.9604,1993
11.9661,1994
11.9718,1993
11.9775,1994
11.9833,1996
11.989,1995
11.9947,1994
12.0004,1993
12.0061,1994
12.0118,1995
12.0175,1994
12.0232,1995
12.0289,1994
12.0346,1994
12.0403,1995
12.046,1996
12.0517,1995
12.0575,1996
12.0632,1995
12.0689,1994
12.0746,1993
12.0803,1994
12.086,1994
12.0917,1994
12.0974,1993
12.1031,1996
12.1088,1994
12.1145,1995
12.1202,1994
12.1259,1994
12.1316,1994
12.1374,1994
12.1431,1993
12.1488,1992
12.1545,1992
12.1602,1995
12.1659,1994
12.1716,1996
12.1773,1996
12.183,1995
12.1887,1993
12.1944,1996
12.2001,1994
12.2058,1994
12.2116,1996
12.2173,1994
12.223,1994
12.2287,1994
12.2344,1995
12.2401,1994
12.2458,1993
12.2515,1995
12.2572,1993
12.2629,1996
12.2686,1995
12.2744,1996
12.2801,1994
12.2858,1995
12.2915,1995
12.2972,1994
12.3029,1994
12.3086,1993
12.3143,1995
12.32,1995
12.3257,1994
12.3314,1995
12.3371,1993
12.3428,1993
12.3486,1994
12.3543,1996
12.36,1995
12.3657,1995
12.3714,1994
12.3771,1994
12.3828,1993
12.3885,1994
12.3942,1995
12.3999,1994
12.4056,1993
12.4113,1995
12.4171,1992
12.4228,1994
12.4285,1995
12.4342,1996
12.4399,1995
12.4456,1994
12.4513,1995
12.457,1995
12.4627,1994
12.4684,1994
12.4741,1995
12.4798,1995
12.4856,1994
12.4913,1994
12.497,1996
12.5027,1996
12.5084,1994
12.5141,1995
12.5198,1995
12.5255,1994
12.5312,1993
12.5369,1995
12.5426,1995
12.5483,1994
12.5541,1992
12.5598,1993
12.5655,1994
12.5712,1993
12.5769,1994
12.5826,1995
12.5883,1994
12.594,1994
12.5997,1993
12.6054,1993
12.6112,1994
12.6169,1994
12.6226,1992
12.6283,1994
12.634,1994
12.6397,1995
12.6454,1995
12.6511,1996
12.6568,1996
12.6625,1994
12.6682,1994
12.674,1994
12.6797,1995
12.6854,1993
12.6911,1993
12.6968,1995
12.7025,1994
12.7082,1994
12.7139,1995
12.7196,1996
12.7253,1994
12.731,1994
12.7367,1993
12.7425,1994
12.7482,1994
12.7539,1995
12.7596,1994
12.7653,1992
12.771,1992
12.7767,1992
12.7824,1992
12.7881,1996
12.7938,1994
12.7996,1994
12.8053,1993
12.811,1995
12.8167,1993
12.8224,1994
12.8281,1994
12.8338,1994
12.8395,1994
12.8452,1995
12.8509,1996
12.8566,1994
12.8623,1995
12.8681,1993
12.8738,1993
12.8795,1996
12.8852,1993
12.8909,1994
12.8966,1993
12.9023,1994
12.908,1995
12.9137,1996
12.9194,1994
12.9252,1994
12.9309,1995
12.9366,1993
12.9423,1994
12.948,1994
12.9537,1993
12.9594,1995
12.9651,1995
12.9708,1994
12.9765,1992
12.9822,1995
12.9879,1995
12.9936,1993
12.9993,1994
13.0051,1995
13.0108,1993
13.0165,1994
13.0222,1996
13.0279,1996
13.0336,1998
13.0393,1994
13.045,1995
13.0507,1994
13.0565,1996
13.0622,1995
13.0679,1993
13.0736,1992
13.0793,1995
13.085,1995
13.0907,1994
13.0964,1994
13.1021,1992
13.1078,1993
13.1136,1994
13.1193,1991
13.125,1992
13.1307,1994
13.1364,1992
13.1421,1994
13.1478,1995
13.1535,1995
13.1592,1995
13.1649,1993
13.1706,1992
13.1763,1994
13.1821,1995
13.1878,1995
13.1935,1996
13.1992,1996
13.2049,1995
13.2106,1994
13.2163,1994
13.222,1993
13.2277,1995
13.2334,1994
13.2391,1994
13.2448,1994
13.2505,1993
13.2563,1994
13.262,1994
13.2677,1994
13.2734,1992
13.2791,1992
13.2848,1994
13.2905,1994
13.2962,1996
13.3019,1995
13.3076,1994
13.3133,1993
13.319,1993
13.3248,1994
13.3305,1994
13.3362,1993
13.3419,1994
13.3476,1994
13.3533,1995
13.359,1993
13.3647,1995
13.3704,1993
13.3761,1994
13.3818,1993
13.3875,1995
13.3932,1994
13.3989,1996
13.4047,1994
13.4104,1993
13.4161,1994
13.4218,1994
13.4275,1994
13.4332,1995
13.4389,1992
13.4446,1994
13.4503,1996
13.456,1993
13.4617,1994
13.4674,1994
13.4731,1994
13.4789,1995
13.4846,1995
13.4903,1994
13.496,1994
13.5017,1994
13.5074,1995
13.5131,1994
13.5188,1993
13.5245,1995
13.5302,1994
13.536,1994
13.5417,1995
13.5474,1996
13.5531,1995
13.5588,1996
13.5645,1995
13.5702,1994
13.5759,1994
13.5816,1995
13.5874,1992
13.5931,1994
13.5988,1994
13.6045,1992
13.6102,1995
13.6159,1992
13.6216,1995
13.6273,1994
13.633,1996
13.6387,1995
13.6444,1992
13.6501,1994
13.6558,1997
13.6615,1995
13.6673,1995
13.673,1994
13.6787,1995
13.6844,1993
13.6901,1995
13.6958,1995
13.7015,1994
13.7072,1997
13.7129,1994
13.7186,1995
13.7243,1994
13.7301,1997
13.7358,1994
13.7415,1993
13.7472,1994
13.7529,1995
13.7586,1996
13.7643,1995
13.77,1994
13.7757,1994
13.7814,1994
13.7871,1994
13.7929,1992
13.7986,1993
13.8043,1995
13.81,1994
13.8157,1994
13.8214,1993
13.8271,1992
13.8328,1995
13.8385,1994
13.8442,1994
13.8499,1994
13.8556,1994
13.8614,1994
13.8671,1991
13.8728,1993
13.8785,1992
13.8842,1994
13.8899,1994
13.8956,1993
13.9013,1995
13.907,1993
13.9127,1996
13.9184,1996
13.9242,1996
13.9299,1994
13.9356,1997
13.9413,1994
13.947,1995
13.9527,1996
13.9584,1993
13.9641,1994
13.9698,1994
13.9755,1995
13.9812,1994
13.9869,1996
13.9927,1995
13.9984,1994
14.0041,1994
14.0098,1994
14.0155,1994
14.0212,1995
14.0269,1996
14.0326,1994
14.0383,1994
14.044,1994
14.0497,1994
14.0554,1995
14.0612,1993
14.0669,1995
14.0726,1994
14.0783,1996
14.084,1993
14.0897,1995
14.0954,1996
14.1011,1995
14.1068,1996
14.1125,1995
14.1182,1993
14.1239,1994
14.1296,1994
14.1354,1996
14.1411,1994
14.1468,1994
14.1525,1995
14.1582,1993
14.1639,1992
14.1696,1995
14.1753,1995
14.181,1995
14.1867,1993
14.1924,1995
14.1981,1995
14.2038,1994
14.2096,1995
14.2153,1992
14.221,1994
14.2267,1994
14.2324,1994
14.2381,1996
14.2438,1994
14.2495,1992
14.2552,1997
14.2609,1993
14.2666,1995
14.2723,1994
14.278,1996
14.2838,1996
14.2895,1994
14.2952,1995
14.3009,1992
14.3066,1995
14.3123,1992
14.318,1994
14.3237,1995
14.3294,1993
14.3351,1993
14.3408,1994
14.3465,1995
14.3523,1994
14.358,1993
14.3637,1995
14.3694,1996
14.3751,1997
14.3808,1994
14.3865,1995
14.3922,1995
14.3979,1994
14.4036,1995
14.4093,1996
14.415,1994
14.4208,1995
14.4265,1994
14.4322,1993
14.4379,1995
14.4436,1996
14.4493,1994
14.455,1994
14.4607,1994
14.4664,1994
14.4721,1994
14.4778,1994
14.4835,1995
14.4893,1995
14.495,1995
14.5007,1993
14.5064,1995
14.5121,1995
14.5178,1993
14.5235,1994
14.5292,1994
14.5349,1995
14.5406,1996
14.5464,1995
14.5521,1996
14.5578,1994
14.5635,1995
14.5692,1995
14.5749,1994
14.5806,1993
14.5863,1996
14.592,1995
14.5977,1995
14.6034,1995
14.6092,1994
14.6149,1993
14.6206,1996
14.6263,1995
14.632,1994
14.6377,1995
14.6434,1994
14.6491,1995
14.6548,1994
14.6605,1993
14.6662,1996
14.6719,1994
14.6777,1995
14.6834,1995
14.6891,1992
14.6948,1993
14.7005,1996
14.7062,1993
14.7119,1994
14.7176,1996
14.7233,1994
14.729,1996
14.7347,1995
14.7404,1994
14.7461,1995
14.7519,1993
14.7576,1995
14.7633,1992
14.769,1994
14.7747,1995
14.7804,1995
14.7861,1994
14.7918,1995
14.7975,1994
14.8032,1996
14.8089,1994
14.8146,1995
14.8204,1994
14.8261,1994
14.8318,1994
14.8375,1995
14.8432,1994
14.8489,1995
14.8546,1994
14.8603,1992
14.866,1995
14.8717,1993
14.8774,1995
14.8831,1995
14.8888,1994
14.8945,1994
14.9002,1995
14.906,1995
14.9117,1994
14.9174,1995
14.9231,1994
14.9288,1993
14.9345,1992
14.9402,1992
14.9459,1995
14.9516,1993
14.9573,1992
14.963,1995
14.9688,1994
14.9745,1994
14.9802,1994
14.9859,1994
14.9916,1994
14.9973,1995
15.003,1993
15.0087,1993
15.0144,1994
15.0202,1994
15.0259,1995
15.0316,1996
15.0373,1994
15.043,1994
15.0487,1993
15.0544,1993
15.0601,1996
15.0658,1993
15.0715,1996
15.0773,1994
15.083,1998
15.0887,1995
15.0944,1994
15.1001,1993
15.1058,1994
15.1115,1994
15.1172,1995
15.1229,1996
15.1286,1995
15.1343,1996
15.14,1993
15.1458,1996
15.1515,1994
15.1572,1995
15.1629,1994
15.1686,1993
15.1743,1995
15.18,1994
15.1857,1995
15.1914,1992
15.1971,1994
15.2028,1994
15.2086,1996
15.2143,1994
15.22,1995
15.2257,1995
15.2314,1995
15.2371,1995
15.2428,1995
15.2485,1994
15.2542,1996
15.2599,1994
15.2656,1994
15.2714,1993
15.2771,1995
15.2828,1993
15.2885,1995
15.2942,1995
15.2999,1993
15.3056,1995
15.3113,1996
15.317,1996
15.3227,1994
15.3284,1993
15.3341,1995
15.3398,1995
15.3456,1995
15.3513,1994
15.357,1994
15.3627,1996
15.3684,1995
15.3741,1993
15.3798,1993
15.3855,1994
15.3912,1994
15.3969,1995
15.4026,1993
15.4083,1994
15.4141,1995
15.4198,1993
15.4255,1995
15.4312,1995
15.4369,1996
15.4426,1992
15.4483,1997
15.454,1995
15.4597,1995
15.4654,1995
15.4711,1994
15.4768,1995
15.4825,1995
15.4883,1993
15.494,1994
15.4997,1994
15.5054,1993
15.5111,1995
15.5168,1993
15.5225,1993
15.5282,1994
15.5339,1995
15.5396,1993
15.5453,1994
15.551,1994
15.5568,1996
15.5625,1994
15.5682,1995
15.5739,1995
15.5796,1995
15.5853,1995
15.591,1994
15.5967,1996
15.6024,1994
15.6081,1995
15.6138,1993
15.6196,1994
15.6253,1993
15.631,1995
15.6367,1994
15.6424,1996
15.6481,1995
15.6538,1993
15.6595,1996
15.6652,1992
15.6709,1994
15.6766,1995
15.6823,1995
15.688,1994
15.6937,1994
15.6994,1992
15.7052,1996
15.7109,1994
15.7166,1995
15.7223,1994
15.728,1993
15.7337,1995
15.7394,1993
15.7451,1994
15.7508,1994
15.7565,1993
15.7622,1993
15.7679,1996
15.7736,1994
15.7794,1993
15.7851,1995
15.7908,1994
15.7965,1994
15.8022,1995
15.8079,1995
15.8136,1997
15.8193,1994
15.825,1994
15.8307,1993
15.8364,1995
15.8422,1995
15.8479,1993
15.8536,1993
15.8593,1993
15.865,1995
15.8707,1997
15.8764,1994
15.8821,1994
15.8878,1995
15.8935,1995
15.8992,1994
15.9049,1995
15.9106,1997
15.9164,1995
15.9221,1995
15.9278,1993
15.9335,1995
15.9392,1995
15.9449,1993
15.9506,1994
15.9563,1994
15.962,1995
15.9677,1995
15.9734,1994
15.9792,1994
15.9849,1994
15.9906,1994
15.9963,1994
16.002,1995
16.0077,1995
16.0134,1995
16.0191,1994
16.0248,1993
16.0305,1994
16.0362,1995
16.0419,1995
16.0477,1995
16.0534,1995
16.0591,1993
16.0648,1994
16.0705,1996
16.0762,1995
16.0819,1996
16.0876,1992
16.0933,1995
16.099,1994
16.1047,1994
16.1104,1995
16.1161,1993
16.1219,1994
16.1276,1995
16.1333,1994
16.139,1992
16.1447,1994
16.1504,1995
16.1561,1996
16.1618,1996
16.1675,1994
16.1732,1995
16.1789,1992
16.1847,1994
16.1904,1995
16.1961,1995
16.2018,1996
16.2075,1995
16.2132,1994
16.2189,1994
16.2246,1995
16.2303,1994
16.2361,1994
16.2418,1994
16.2475,1996
16.2532,1994
16.2589,1994
16.2646,1993
16.2703,1997
16.276,1995
16.2817,1996
16.2874,1995
16.2932,1995
16.2989,1994
16.3046,1995
16.3103,1996
16.316,1994
16.3217,1994
16.3274,1994
16.3331,1994
16.3388,1994
16.3445,1993
16.3502,1995
16.356,1993
16.3617,1995
16.3674,1995
16.3731,1995
16.3788,1996
16.3845,1993
16.3902,1995
16.3959,1994
16.4016,1995
16.4073,1994
16.413,1995
16.4187,1995
16.4244,1993
16.4302,1995
16.4359,1993
16.4416,1995
16.4473,1994
16.453,1995
16.4587,1995
16.4644,1994
16.4701,1993
16.4758,1994
16.4816,1994
16.4873,1995
16.493,1992
16.4987,1996
16.5044,1994
16.5101,1994
16.5158,1994
16.5215,1994
16.5272,1992
16.5329,1994
16.5386,1995
16.5443,1994
16.5501,1994
16.5558,1993
16.5615,1994
16.5672,1996
16.5729,1993
16.5786,1994
16.5843,1995
16.59,1995
16.5957,1995
16.6014,1994
16.6072,1995
16.6129,1994
16.6186,1993
16.6243,1995
16.63,1994
16.6357,1993
16.6414,1992
16.6471,1996
16.6528,1994
16.6585,1995
16.6642,1994
16.6699,1992
16.6757,1994
16.6814,1995
16.6871,1993
16.6928,1994
16.6985,1994
16.7042,1995
16.7099,1993
16.7156,1993
16.7213,1995
16.727,1994
16.7328,1996
16.7385,1995
16.7442,1996
16.7499,1994
16.7556,1994
16.7613,1994
16.767,1994
16.7727,1995
16.7784,1995
16.7841,1994
16.7898,1992
16.7955,1994
16.8013,1994
16.807,1996
16.8127,1994
16.8184,1994
16.8241,1995
16.8298,1993
16.8355,1993
16.8412,1996
16.8469,1993
16.8526,1994
16.8583,1994
16.864,1993
16.8698,1994
16.8755,1995
16.8812,1994
16.8869,1995
16.8926,1996
16.8983,1996
16.904,1993
16.9097,1995
16.9154,1996
16.9211,1993
16.9268,1995
16.9325,1994
16.9383,1996
16.944,1996
16.9497,1994
16.9554,1994
16.9611,1994
16.9668,1995
