0.0004,2044
0.003,2043
0.0061,2040
0.0119,2028
0.0177,2031
0.0235,2032
0.0292,2033
0.035,2033
0.0407,2034
0.0464,2034
0.0521,2036
0.0578,2037
0.0635,2035
0.0692,2034
0.0749,2036
0.0806,2035
0.0864,2036
0.0921,2035
0.0978,2034
0.1035,2037
0.1092,2036
0.1149,2034
0.1206,2033
0.1263,2036
0.132,2034
0.1377,2038
0.1434,2035
0.1491,2033
0.1549,2034
0.1606,2037
0.1663,2034
0.172,2034
0.1777,2036
0.1834,2036
0.1891,2035
0.1948,2035
0.2005,2034
0.2062,2035
0.2119,2035
0.2176,2033
0.2233,2035
0.2291,2036
0.2348,2035
0.2405,2035
0.2462,2032
0.2519,2033
0.2576,2034
0.2633,2034
0.269,2032
0.2747,2033
0.2804,2030
0.2861,2033
0.2918,2034
0.2976,2032
0.3033,2034
0.309,2032
0.3147,2031
0.3204,2031
0.3261,2032
0.3318,2034
0.3375,2032
0.3432,2032
0.3489,2032
0.3546,2030
0.3604,2031
0.3661,2030
0.3718,2030
0.3775,2031
0.3832,2031
0.3889,2032
0.3946,2031
0.4003,2030
0.406,2030
0.4117,2031
0.4174,2030
0.4232,2028
0.4289,2028
0.4346,2029
0.4403,2029
0.446,2029
0.4517,2028
0.4574,2028
0.4631,2027
0.4688,2028
0.4745,2027
0.4802,2026
0.4859,2028
0.4917,2027
0.4974,2027
0.5031,2027
0.5088,2027
0.5145,2026
0.5202,2026
0.5259,2028
0.5316,2029
0.5373,2025
0.543,2026
0.5487,2028
0.5544,2026
0.5602,2028
0.5659,2026
0.5716,2027
0.5773,2027
0.583,2026
0.5887,2026
0.5944,2027
0.6001,2026
0.6058,2025
0.6115,2025
0.6172,2024
0.6229,2025
0.6287,2024
0.6344,2024
0.6401,2025
0.6458,2024
0.6515,2024
0.6572,2022
0.6629,2023
0.6686,2022
0.6743,2024
0.6801,2023
0.6858,2023
0.6915,2024
0.6972,2022
0.7029,2023
0.7086,2022
0.7143,2024
0.72,2021
0.7257,2022
0.7314,2022
0.7371,2022
0.7429,2020
0.7486,2021
0.7543,2022
0.76,2021
0.7657,2021
0.7714,2021
0.7771,2021
0.7828,2021
0.7885,2021
0.7942,2020
0.7999,2020
0.8057,2018
0.8114,2020
0.8171,2020
0.8228,2020
0.8285,2020
0.8342,2019
0.8399,2019
0.8456,2018
0.8513,2017
0.857,2018
0.8627,2018
0.8684,2020
0.8741,2019
0.8799,2018
0.8856,2017
0.8913,2020
0.897,2018
0.9027,2018
0.9084,2018
0.9141,2019
0.9198,2018
0.9255,2019
0.9312,2017
0.9369,2016
0.9426,2017
0.9483,2018
0.9541,2017
0.9598,2019
0.9655,2015
0.9712,2017
0.9769,2016
0.9826,2017
0.9883,2015
0.994,2014
0.9997,2015
1.0055,2016
1.0112,2018
1.0169,2016
1.0226,2017
1.0283,2016
1.034,2015
1.0397,2015
1.0454,2017
1.0511,2015
1.0568,2015
1.0625,2014
1.0682,2014
1.074,2015
1.0797,2015
1.0854,2012
1.0911,2013
1.0968,2015
1.1025,2012
1.1082,2012
1.1139,2016
1.1196,2013
1.1254,2013
1.1311,2014
1.1368,2012
1.1425,2013
1.1482,2013
1.1539,2011
1.1596,2013
1.1653,2012
1.171,2012
1.1767,2014
1.1824,2013
1.1882,2011
1.1939,2012
1.1996,2011
1.2053,2013
1.211,2012
1.2167,2012
1.2224,2012
1.2281,2011
1.2338,2013
1.2395,2013
1.2452,2010
1.251,2012
1.2567,2011
1.2624,2010
1.2681,2014
1.2738,2011
1.2795,2013
1.2853,2011
1.291,2012
1.2967,2013
1.3024,2012
1.3081,2011
1.3138,2010
1.3195,2012
1.3252,2012
1.3309,2011
1.3366,2012
1.3423,2011
1.348,2010
1.3538,2009
1.3595,2012
1.3652,2012
1.3709,2011
1.3766,2014
1.3823,2012
1.388,2012
1.3937,2012
1.3994,2012
1.4051,2011
1.4108,2011
1.4166,2012
1.4223,2012
1.428,2011
1.4337,2014
1.4394,2011
1.4451,2012
1.4508,2011
1.4565,2013
1.4622,2012
1.468,2014
1.4737,2011
1.4794,2012
1.4851,2013
1.4908,2012
1.4965,2012
1.5022,2012
1.508,2013
1.5137,2012
1.5194,2010
1.5251,2013
1.5308,2013
1.5365,2012
1.5422,2012
1.5479,2013
1.5536,2011
1.5593,2012
1.565,2012
1.5708,2011
1.5765,2012
1.5822,2011
1.5879,2012
1.5936,2011
1.5993,2012
1.605,2011
1.6107,2011
1.6164,2012
1.6221,2012
1.6278,2012
1.6335,2012
1.6392,2013
1.6449,2014
1.6507,2014
1.6564,2014
1.6621,2012
1.6678,2013
1.6735,2011
1.6792,2012
1.6849,2012
1.6906,2013
1.6963,2011
1.702,2012
1.7077,2014
1.7135,2015
1.7192,2013
1.7249,2012
1.7306,2013
1.7363,2014
1.742,2013
1.7477,2013
1.7534,2013
1.7591,2012
1.7648,2013
1.7706,2014
1.7763,2014
1.782,2013
1.7877,2014
1.7934,2013
1.7991,2011
1.8049,2014
1.8106,2014
1.8163,2015
1.822,2012
1.8277,2014
1.8334,2013
1.8391,2014
1.8448,2015
1.8505,2015
1.8563,2016
1.862,2015
1.8677,2015
1.8734,2015
1.8791,2016
1.8848,2016
1.8905,2014
1.8962,2015
1.9019,2017
1.9076,2017
1.9133,2017
1.919,2017
1.9248,2017
1.9305,2015
1.9362,2017
1.9419,2019
1.9476,2018
1.9533,2017
1.959,2016
1.9647,2017
1.9704,2018
1.9761,2018
1.9818,2020
1.9875,2016
1.9933,2019
1.999,2018
2.0047,2019
2.0104,2018
2.0161,2019
2.0218,2020
2.0275,2020
2.0332,2022
2.0389,2021
2.0446,2021
2.0503,2019
2.0561,2022
2.0618,2020
2.0675,2022
2.0732,2022
2.0789,2022
2.0846,2022
2.0903,2023
2.096,2025
2.1017,2022
2.1074,2022
2.1131,2023
2.1188,2021
2.1245,2023
2.1303,2023
2.136,2022
2.1417,2023
2.1474,2023
2.1531,2023
2.1588,2022
2.1645,2024
2.1702,2023
2.1759,2022
2.1816,2021
2.1873,2023
2.193,2022
2.1987,2022
2.2045,2021
2.2102,2023
2.2159,2023
2.2216,2022
2.2273,2021
2.233,2023
2.2387,2023
2.2444,2023
2.2501,2025
2.2558,2023
2.2615,2026
2.2672,2024
2.273,2022
2.2787,2024
2.2844,2023
2.2901,2024
2.2958,2024
2.3015,2025
2.3072,2024
2.3129,2025
2.3186,2023
2.3243,2025
2.33,2025
2.3357,2023
2.3415,2025
2.3472,2024
2.3529,2027
2.3586,2025
2.3643,2027
2.37,2026
2.3757,2025
2.3814,2027
2.3871,2027
2.3928,2027
2.3985,2027
2.4042,2027
2.41,2027
2.4157,2026
2.4214,2028
2.4271,2026
2.4328,2027
2.4385,2028
2.4442,2027
2.4499,2030
2.4556,2029
2.4613,2028
2.4671,2028
2.4728,2027
2.4785,2028
2.4842,2028
2.4899,2027
2.4956,2029
2.5013,2027
2.507,2028
2.5128,2028
2.5185,2028
2.5242,2029
2.5299,2029
2.5356,2029
2.5413,2027
2.547,2029
2.5527,2030
2.5584,2029
2.5641,2029
2.5698,2027
2.5755,2031
2.5812,2029
2.587,2028
2.5927,2028
2.5984,2030
2.6041,2032
2.6098,2030
2.6155,2031
2.6212,2030
2.6269,2031
2.6326,2030
2.6383,2029
2.644,2030
2.6497,2030
2.6555,2032
2.6612,2031
2.6669,2033
2.6726,2030
2.6783,2031
2.684,2030
2.6897,2032
2.6954,2031
2.7011,2032
2.7068,2032
2.7125,2032
2.7182,2030
2.7239,2030
2.7296,2030
2.7354,2032
2.7411,2032
2.7468,2031
2.7525,2031
2.7582,2031
2.7639,2032
2.7696,2031
2.7753,2032
2.781,2033
2.7867,2030
2.7924,2032
2.7981,2031
2.8038,2033
2.8095,2031
2.8153,2030
2.821,2030
2.8267,2033
2.8324,2032
2.8381,2030
2.8438,2032
2.8495,2032
2.8552,2031
2.8609,2032
2.8667,2032
2.8724,2032
2.8781,2033
2.8838,2032
2.8895,2034
2.8952,2032
2.9009,2034
2.9066,2033
2.9123,2032
2.918,2034
2.9237,2034
2.9294,2034
2.9351,2033
2.9409,2035
2.9466,2034
2.9523,2032
2.958,2035
2.9637,2034
2.9694,2033
2.9751,2035
2.9808,2034
2.9865,2034
2.9922,2034
2.998,2034
3.0037,2034
3.0094,2033
3.0151,2034
3.0208,2034
3.0265,2033
3.0322,2035
3.0379,2033
3.0436,2035
3.0493,2033
3.0551,2036
3.0608,2035
3.0665,2036
3.0722,2033
3.0779,2036
3.0836,2035
3.0893,2035
3.095,2034
3.1007,2034
3.1064,2032
3.1121,2036
3.1178,2034
3.1235,2035
3.1292,2034
3.1349,2035
3.1406,2035
3.1464,2035
3.1521,2035
3.1578,2035
3.1635,2035
3.1692,2034
3.1749,2034
3.1806,2034
3.1863,2036
3.192,2036
3.1977,2034
3.2034,2034
3.2092,2036
3.2149,2037
3.2206,2035
3.2263,2036
3.232,2037
3.2377,2036
3.2434,2036
3.2491,2036
3.2548,2034
3.2605,2037
3.2662,2035
3.2719,2035
3.2776,2036
3.2834,2034
3.2891,2036
3.2948,2036
3.3005,2034
3.3062,2034
3.3119,2033
3.3176,2035
3.3233,2035
3.329,2034
3.3347,2035
3.3404,2035
3.3461,2035
3.3519,2035
3.3576,2034
3.3633,2034
3.369,2037
3.3747,2035
3.3804,2034
3.3861,2036
3.3918,2035
3.3975,2034
3.4032,2035
3.4089,2035
3.4146,2034
3.4203,2036
3.4261,2036
3.4318,2035
3.4375,2035
3.4432,2033
3.4489,2035
3.4546,2035
3.4603,2035
3.466,2036
3.4717,2034
3.4774,2036
3.4831,2035
3.4889,2035
3.4946,2034
3.5003,2035
3.506,2035
3.5117,2035
3.5174,2034
3.5231,2034
3.5288,2035
3.5345,2035
3.5402,2036
3.5459,2037
3.5516,2035
3.5573,2035
3.563,2034
3.5688,2034
3.5745,2035
3.5802,2033
3.5859,2035
3.5916,2036
3.5973,2035
3.603,2034
3.6087,2035
3.6144,2035
3.6201,2035
3.6258,2035
3.6315,2034
3.6372,2033
3.6429,2033
3.6487,2034
3.6544,2034
3.6601,2036
3.6658,2035
3.6715,2032
3.6772,2035
3.6829,2035
3.6886,2034
3.6943,2036
3.7,2036
3.7057,2035
3.7114,2035
3.7172,2036
3.7229,2037
3.7286,2036
3.7343,2036
3.74,2037
3.7457,2037
3.7514,2036
3.7571,2036
3.7628,2035
3.7685,2035
3.7743,2035
3.78,2034
3.7857,2036
3.7914,2037
3.7971,2035
3.8028,2034
3.8085,2034
3.8142,2033
3.8199,2036
3.8257,2035
3.8314,2034
3.8371,2035
3.8428,2036
3.8485,2036
3.8542,2035
3.8599,2035
3.8656,2035
3.8713,2034
3.877,2034
3.8827,2033
3.8884,2035
3.8942,2032
3.8999,2035
3.9056,2034
3.9113,2035
3.917,2034
3.9227,2036
3.9284,2033
3.9341,2035
3.9398,2035
3.9455,2036
3.9513,2035
3.957,2035
3.9627,2035
3.9684,2033
3.9741,2035
3.9798,2036
3.9855,2034
3.9912,2035
3.9969,2034
4.0026,2036
4.0084,2035
4.0141,2035
4.0198,2037
4.0255,2034
4.0312,2036
4.0369,2037
4.0426,2036
4.0483,2034
4.054,2036
4.0597,2036
4.0654,2035
4.0712,2035
4.0769,2032
4.0826,2035
4.0883,2036
4.094,2037
4.0997,2038
4.1054,2034
4.1111,2036
4.1168,2035
4.1225,2036
4.1282,2037
4.134,2034
4.1397,2035
4.1454,2036
4.1511,2036
4.1568,2034
4.1625,2034
4.1682,2037
4.1739,2034
4.1796,2036
4.1854,2035
4.1911,2036
4.1968,2035
4.2025,2036
4.2082,2034
4.2139,2036
4.2196,2034
4.2253,2035
4.231,2036
4.2367,2034
4.2424,2035
4.2481,2035
4.2539,2035
4.2596,2035
4.2653,2036
4.271,2036
4.2767,2036
4.2824,2034
4.2881,2035
4.2938,2035
4.2995,2035
4.3052,2036
4.3109,2035
4.3166,2036
4.3224,2036
4.3281,2035
4.3338,2035
4.3395,2036
4.3452,2037
4.3509,2035
4.3566,2035
4.3623,2036
4.368,2034
4.3737,2037
4.3794,2034
4.3851,2036
4.3909,2036
4.3966,2035
4.4023,2036
4.408,2036
4.4137,2036
4.4194,2036
4.4251,2036
4.4308,2037
4.4365,2035
4.4422,2034
4.4479,2035
4.4536,2036
4.4594,2036
4.4651,2035
4.4708,2035
4.4765,2034
4.4822,2035
4.4879,2034
4.4936,2034
4.4993,2036
4.505,2034
4.5107,2034
4.5164,2031
4.5221,2033
4.5279,2034
4.5336,2034
4.5393,2034
4.545,2035
4.5507,2037
4.5564,2036
4.5621,2036
4.5678,2035
4.5735,2034
4.5792,2037
4.5849,2036
4.5906,2034
4.5964,2035
4.6021,2035
4.6078,2037
4.6135,2036
4.6192,2035
4.6249,2037
4.6306,2032
4.6363,2036
4.642,2037
4.6477,2034
4.6534,2033
4.6591,2035
4.6648,2035
4.6705,2034
4.6763,2035
4.682,2035
4.6877,2036
4.6934,2035
4.6991,2034
4.7048,2035
4.7105,2035
4.7162,2034
4.7219,2035
4.7276,2034
4.7333,2035
4.739,2036
4.7447,2036
4.7505,2038
4.7562,2034
4.7619,2034
4.7676,2035
4.7733,2034
4.779,2036
4.7847,2034
4.7904,2033
4.7961,2034
4.8018,2034
4.8075,2036
4.8133,2036
4.819,2036
4.8247,2037
4.8304,2035
4.8361,2036
4.8418,2035
4.8475,2033
4.8532,2036
4.8589,2035
4.8646,2036
4.8703,2034
4.8761,2033
4.8818,2034
4.8875,2036
4.8932,2035
4.8989,2035
4.9046,2035
4.9103,2035
4.916,2033
4.9217,2035
4.9274,2034
4.9331,2037
4.9388,2034
4.9445,2036
4.9502,2037
4.956,2034
4.9617,2034
4.9674,2036
4.9731,2036
4.9788,2036
4.9845,2035
4.9902,2034
4.9959,2037
5.0016,2036
5.0073,2036
5.013,2034
5.0188,2036
5.0245,2036
5.0302,2035
5.0359,2035
5.0416,2034
5.0473,2037
5.053,2036
5.0587,2036
5.0644,2036
5.0701,2039
5.0758,2034
5.0815,2036
5.0873,2036
5.093,2036
5.0987,2037
5.1044,2035
5.1101,2034
5.1158,2036
5.1215,2035
5.1272,2034
5.1329,2034
5.1386,2037
5.1443,2035
5.15,2035
5.1557,2034
5.1614,2034
5.1671,2033
5.1729,2037
5.1786,2035
5.1843,2035
5.19,2035
5.1957,2034
5.2014,2035
5.2071,2035
5.2128,2033
5.2185,2035
5.2242,2036
5.2299,2035
5.2356,2037
5.2414,2037
5.2471,2035
5.2528,2035
5.2585,2035
5.2642,2034
5.2699,2033
5.2756,2038
5.2813,2037
5.287,2036
5.2927,2035
5.2984,2036
5.3042,2037
5.3099,2036
5.3156,2035
5.3213,2036
5.327,2034
5.3327,2034
5.3384,2036
5.3441,2035
5.3498,2035
5.3556,2036
5.3613,2035
5.367,2035
5.3727,2036
5.3784,2036
5.3841,2033
5.3898,2037
5.3955,2036
5.4012,2033
5.4069,2035
5.4126,2036
5.4183,2034
5.4241,2036
5.4298,2036
5.4355,2034
5.4412,2035
5.4469,2035
5.4526,2037
5.4583,2037
5.464,2035
5.4697,2036
5.4754,2036
5.4812,2036
5.4869,2035
5.4926,2035
5.4983,2035
5.504,2036
5.5097,2036
5.5154,2035
5.5211,2034
5.5268,2036
5.5325,2035
5.5382,2035
5.5439,2035
5.5497,2034
5.5554,2034
5.5611,2035
5.5668,2036
5.5725,2035
5.5782,2035
5.5839,2036
5.5896,2034
5.5953,2036
5.601,2037
5.6067,2035
5.6124,2036
5.6182,2034
5.6239,2035
5.6296,2035
5.6353,2036
5.641,2035
5.6467,2034
5.6524,2036
5.6581,2036
5.6638,2037
5.6695,2034
5.6752,2035
5.6809,2036
5.6866,2035
5.6924,2036
5.6981,2039
5.7038,2035
5.7095,2037
5.7152,2036
5.7209,2035
5.7266,2036
5.7323,2035
5.738,2033
5.7437,2035
5.7494,2035
5.7551,2036
5.7608,2033
5.7665,2035
5.7723,2036
5.778,2035
5.7837,2036
5.7894,2035
5.7951,2036
5.8008,2036
5.8065,2036
5.8122,2035
5.8179,2035
5.8236,2035
5.8293,2037
5.835,2034
5.8407,2035
5.8465,2034
5.8522,2035
5.8579,2035
5.8636,2036
5.8693,2035
5.875,2036
5.8807,2036
5.8864,2035
5.8921,2034
5.8978,2036
5.9036,2035
5.9093,2038
5.915,2036
5.9207,2036
5.9264,2036
5.9321,2037
5.9378,2036
5.9435,2036
5.9493,2036
5.955,2036
5.9607,2035
5.9664,2034
5.9721,2036
5.9778,2035
5.9835,2036
5.9892,2035
5.9949,2035
6.0006,2036
6.0063,2037
6.0121,2036
6.0178,2035
6.0235,2036
6.0292,2035
6.0349,2036
6.0406,2037
6.0463,2034
6.052,2035
6.0577,2037
6.0634,2034
6.0691,2034
6.0748,2035
6.0805,2036
6.0863,2036
6.092,2036
6.0977,2036
6.1034,2036
6.1091,2034
6.1148,2034
6.1205,2035
6.1262,2032
6.1319,2036
6.1376,2035
6.1433,2036
6.149,2036
6.1548,2036
6.1605,2034
6.1662,2036
6.1719,2036
6.1776,2036
6.1833,2036
6.189,2034
6.1947,2036
6.2004,2035
6.2061,2035
6.2118,2034
6.2176,2034
6.2233,2038
6.229,2034
6.2347,2038
6.2404,2036
6.2461,2034
6.2518,2035
6.2575,2035
6.2632,2035
6.2689,2036
6.2747,2035
6.2804,2037
6.2861,2036
6.2918,2036
6.2975,2035
6.3032,2036
6.3089,2037
6.3146,2033
6.3203,2036
6.326,2034
6.3317,2036
6.3374,2038
6.3431,2035
6.3489,2035
6.3546,2036
6.3603,2037
6.366,2035
6.3717,2035
6.3774,2036
6.3831,2034
6.3888,2035
6.3945,2035
6.4002,2036
6.4059,2035
6.4116,2038
6.4174,2036
6.4231,2038
6.4288,2034
6.4345,2037
6.4402,2035
6.4459,2034
6.4516,2036
6.4573,2035
6.463,2037
6.4687,2033
6.4744,2034
6.4802,2037
6.4859,2036
6.4916,2035
6.4973,2037
6.503,2034
6.5087,2035
6.5144,2037
6.5201,2035
6.5258,2035
6.5315,2034
6.5372,2036
6.5429,2036
6.5486,2035
6.5544,2036
6.5601,2036
6.5658,2034
6.5715,2035
6.5772,2035
6.5829,2035
6.5886,2035
6.5943,2037
6.6,2037
6.6057,2037
6.6114,2035
6.6171,2038
6.6229,2035
6.6286,2036
6.6343,2036
6.64,2034
6.6457,2035
6.6514,2035
6.6571,2034
6.6628,2034
6.6685,2035
6.6742,2036
6.6799,2037
6.6856,2035
6.6914,2037
6.6971,2035
6.7028,2036
6.7085,2034
6.7142,2035
6.7199,2035
6.7256,2037
6.7313,2038
6.737,2034
6.7428,2035
6.7485,2034
6.7542,2036
6.7599,2034
6.7656,2035
6.7713,2034
6.777,2035
6.7827,2035
6.7884,2037
6.7941,2034
6.7998,2036
6.8056,2035
6.8113,2035
6.817,2036
6.8227,2035
6.8284,2035
6.8341,2038
6.8398,2037
6.8455,2037
6.8512,2037
6.8569,2035
6.8627,2035
6.8684,2035
6.8741,2036
6.8798,2038
6.8855,2035
6.8912,2034
6.8969,2038
6.9026,2036
6.9083,2034
6.914,2036
6.9197,2036
6.9254,2035
6.9311,2035
6.9368,2038
6.9426,2036
6.9483,2036
6.954,2036
6.9597,2036
6.9654,2035
6.9711,2036
6.9768,2034
6.9825,2036
6.9882,2037
6.9939,2035
6.9996,2035
7.0053,2036
7.0111,2036
7.0168,2035
7.0225,2035
7.0282,2036
7.0339,2037
7.0396,2036
7.0453,2034
7.051,2034
7.0567,2035
7.0624,2035
7.0682,2036
7.0739,2036
7.0796,2038
7.0853,2034
7.091,2036
7.0967,2035
7.1024,2036
7.1082,2035
7.1139,2036
7.1196,2035
7.1253,2035
7.131,2036
7.1367,2037
7.1424,2035
7.1481,2037
7.1538,2036
7.1595,2038
7.1652,2036
7.1709,2033
7.1767,2036
7.1824,2035
7.1881,2036
7.1938,2035
7.1995,2036
7.2052,2036
7.2109,2035
7.2166,2035
7.2223,2035
7.228,2036
7.2337,2036
7.2394,2035
7.2452,2038
7.2509,2036
7.2566,2035
7.2623,2036
7.268,2035
7.2737,2034
7.2794,2036
7.2851,2037
7.2908,2036
7.2965,2037
7.3022,2035
7.3079,2035
7.3137,2035
7.3194,2034
7.3251,2037
7.3308,2035
7.3365,2035
7.3422,2034
7.3479,2035
7.3536,2034
7.3593,2035
7.365,2037
7.3707,2036
7.3765,2037
7.3822,2034
7.3879,2034
7.3936,2037
7.3993,2034
7.405,2037
7.4107,2037
7.4164,2036
7.4221,2036
7.4278,2036
7.4335,2034
7.4392,2038
7.445,2036
7.4507,2036
7.4564,2036
7.4621,2036
7.4678,2037
7.4735,2035
7.4792,2036
7.4849,2037
7.4906,2035
7.4963,2034
7.502,2035
7.5077,2034
7.5134,2035
7.5192,2037
7.5249,2035
7.5306,2034
7.5363,2037
7.542,2036
7.5477,2036
7.5534,2035
7.5591,2036
7.5648,2037
7.5705,2034
7.5762,2037
7.5819,2036
7.5876,2035
7.5933,2036
7.5991,2034
7.6048,2037
7.6105,2036
7.6162,2036
7.6219,2036
7.6276,2037
7.6333,2036
7.639,2035
7.6447,2037
7.6504,2036
7.6561,2035
7.6618,2033
7.6675,2036
7.6733,2036
7.679,2036
7.6847,2036
7.6904,2037
7.6961,2037
7.7018,2035
7.7075,2037
7.7132,2036
7.7189,2036
7.7246,2036
7.7304,2035
7.7361,2036
7.7418,2035
7.7475,2038
7.7532,2034
7.7589,2036
7.7646,2034
7.7703,2034
7.776,2037
7.7817,2035
7.7874,2034
7.7931,2036
7.7989,2036
7.8046,2034
7.8103,2036
7.816,2036
7.8217,2035
7.8274,2035
7.8331,2036
7.8388,2033
7.8445,2035
7.8503,2037
7.856,2036
7.8617,2036
7.8674,2036
7.8731,2037
7.8788,2036
7.8845,2036
7.8902,2035
7.8959,2035
7.9016,2036
7.9073,2036
7.913,2034
7.9187,2035
7.9245,2036
7.9302,2037
7.9359,2036
7.9416,2035
7.9473,2036
7.953,2037
7.9587,2037
7.9644,2036
7.9701,2036
7.9758,2037
7.9815,2034
7.9873,2036
7.993,2035
7.9987,2036
8.0044,2035
8.0101,2036
8.0158,2035
8.0215,2036
8.0272,2037
8.0329,2036
8.0386,2036
8.0444,2036
8.0501,2036
8.0558,2035
8.0615,2036
8.0672,2035
8.0729,2035
8.0786,2036
8.0843,2037
8.09,2035
8.0957,2034
8.1014,2037
8.1071,2036
8.1129,2038
8.1186,2037
8.1243,2037
8.13,2035
8.1357,2035
8.1414,2036
8.1471,2036
8.1528,2037
8.1585,2036
8.1642,2036
8.1699,2036
8.1757,2034
8.1814,2036
8.1871,2036
8.1928,2036
8.1985,2037
8.2042,2037
8.2099,2037
8.2156,2036
8.2213,2037
8.227,2037
8.2328,2037
8.2385,2036
8.2442,2036
8.2499,2037
8.2556,2034
8.2613,2036
8.267,2035
8.2727,2036
8.2784,2035
8.2841,2035
8.2898,2036
8.2955,2036
8.3012,2036
8.3069,2037
8.3127,2037
8.3184,2034
8.3241,2037
8.3298,2035
8.3355,2036
8.3412,2036
8.3469,2037
8.3526,2036
8.3583,2035
8.364,2036
8.3697,2037
8.3754,2036
8.3812,2036
8.3869,2037
8.3926,2035
8.3983,2036
8.404,2037
8.4097,2036
8.4154,2035
8.4211,2035
8.4268,2037
8.4325,2036
8.4382,2036
8.4439,2036
8.4496,2036
8.4554,2036
8.4611,2035
8.4668,2034
8.4725,2036
8.4782,2035
8.4839,2034
8.4896,2036
8.4953,2036
8.501,2035
8.5067,2035
8.5124,2037
8.5181,2036
8.5239,2036
8.5296,2034
8.5353,2035
8.541,2037
8.5467,2035
8.5524,2035
8.5581,2036
8.5638,2036
8.5695,2035
8.5752,2035
8.5809,2036
8.5866,2036
8.5924,2036
8.5981,2037
8.6038,2037
8.6095,2036
8.6152,2035
8.6209,2036
8.6266,2035
8.6323,2035
8.638,2033
8.6437,2037
8.6494,2035
8.6551,2035
8.6609,2035
8.6666,2036
8.6723,2036
8.678,2035
8.6837,2037
8.6894,2036
8.6951,2036
8.7008,2035
8.7065,2038
8.7122,2037
8.7179,2037
8.7236,2036
8.7293,2037
8.7351,2036
8.7408,2037
8.7465,2036
8.7522,2036
8.7579,2037
8.7636,2037
8.7693,2036
8.775,2038
8.7807,2035
8.7864,2037
8.7921,2037
8.7978,2037
8.8036,2036
8.8093,2035
8.815,2037
8.8207,2035
8.8264,2034
8.8321,2035
8.8378,2038
8.8435,2037
8.8492,2036
8.8549,2036
8.8606,2036
8.8663,2036
8.872,2035
8.8778,2036
8.8835,2036
8.8892,2036
8.8949,2035
8.9006,2037
8.9063,2038
8.912,2036
8.9177,2035
8.9234,2038
8.9291,2036
8.9348,2036
8.9405,2036
8.9463,2036
8.952,2035
8.9577,2035
8.9634,2035
8.9691,2034
8.9748,2037
8.9805,2035
8.9862,2037
8.9919,2036
8.9976,2036
9.0033,2036
9.009,2038
9.0147,2037
9.0205,2037
9.0262,2037
9.0319,2036
9.0376,2036
9.0433,2037
9.049,2036
9.0547,2036
9.0604,2036
9.0661,2036
9.0718,2036
9.0776,2034
9.0833,2036
9.089,2037
9.0947,2036
9.1004,2034
9.1061,2037
9.1118,2036
9.1175,2036
9.1232,2034
9.1289,2034
9.1346,2036
9.1403,2038
9.146,2036
9.1518,2037
9.1575,2035
9.1632,2036
9.1689,2035
9.1746,2037
9.1803,2036
9.186,2037
9.1917,2035
9.1974,2037
9.2031,2036
9.2088,2036
9.2145,2036
9.2203,2036
9.226,2036
9.2317,2036
9.2374,2035
9.2431,2037
9.2488,2036
9.2545,2034
9.2602,2038
9.2659,2036
9.2716,2034
9.2774,2035
9.2831,2035
9.2888,2035
9.2945,2034
9.3002,2034
9.3059,2036
9.3116,2037
9.3173,2038
9.323,2037
9.3287,2036
9.3344,2036
9.3401,2036
9.3459,2035
9.3516,2035
9.3573,2035
9.363,2036
9.3687,2036
9.3744,2036
9.3801,2039
9.3858,2035
9.3915,2034
9.3972,2034
9.4029,2035
9.4087,2035
9.4144,2035
9.4201,2036
9.4258,2036
9.4315,2035
9.4372,2035
9.4429,2034
9.4486,2036
9.4543,2034
9.4601,2034
9.4658,2037
9.4715,2036
9.4772,2035
9.4829,2036
9.4886,2035
9.4943,2036
9.5,2035
9.5057,2034
9.5114,2037
9.5171,2035
9.5229,2036
9.5286,2037
9.5343,2034
9.54,2035
9.5457,2035
9.5514,2036
9.5571,2036
9.5628,2036
9.5685,2035
9.5742,2036
9.5799,2036
9.5857,2037
9.5914,2035
9.5971,2036
9.6028,2036
9.6085,2035
9.6142,2035
9.6199,2037
9.6256,2036
9.6313,2034
9.6371,2033
9.6428,2034
9.6485,2035
9.6542,2036
9.6599,2036
9.6656,2037
9.6713,2036
9.677,2037
9.6827,2036
9.6884,2037
9.6941,2036
9.6998,2036
9.7055,2035
9.7112,2036
9.7169,2035
9.7227,2034
9.7284,2036
9.7341,2034
9.7398,2036
9.7455,2038
9.7512,2036
9.7569,2037
9.7626,2036
9.7683,2038
9.774,2036
9.7797,2037
9.7854,2036
9.7911,2036
9.7969,2037
9.8026,2036
9.8083,2037
9.814,2036
9.8197,2034
9.8254,2036
9.8311,2034
9.8368,2033
9.8426,2036
9.8483,2036
9.854,2036
9.8597,2037
9.8654,2035
9.8711,2036
9.8768,2037
9.8825,2036
9.8882,2036
9.8939,2036
9.8996,2036
9.9053,2037
9.9111,2036
9.9168,2034
9.9225,2036
9.9282,2036
9.9339,2034
9.9396,2036
9.9453,2035
9.951,2036
9.9567,2038
9.9624,2035
9.9681,2034
9.9738,2039
9.9796,2034
9.9853,2037
9.991,2035
9.9967,2036
10.0024,2038
10.0081,2034
10.0138,2034
10.0195,2037
10.0252,2036
10.0309,2035
10.0366,2034
10.0424,2034
10.0481,2037
10.0538,2036
10.0595,2037
10.0652,2038
10.0709,2036
10.0766,2036
10.0823,2037
10.088,2037
10.0937,2036
10.0994,2036
10.1051,2035
10.1108,2036
10.1166,2036
10.1223,2036
10.128,2035
10.1337,2037
10.1394,2036
10.1451,2037
10.1508,2035
10.1565,2036
10.1622,2038
10.1679,2035
10.1737,2035
10.1794,2034
10.1851,2035
10.1908,2037
10.1965,2035
10.2022,2036
10.2079,2035
10.2136,2038
10.2193,2034
10.2251,2036
10.2308,2037
10.2365,2037
10.2422,2036
10.2479,2036
10.2536,2035
10.2593,2035
10.265,2036
10.2707,2036
10.2764,2036
10.2821,2036
10.2878,2037
10.2936,2035
10.2993,2035
10.305,2038
10.3107,2037
10.3164,2035
10.3221,2036
10.3278,2035
10.3335,2035
10.3392,2035
10.3449,2035
10.3506,2033
10.3564,2035
10.3621,2036
10.3678,2034
10.3735,2037
10.3792,2035
10.3849,2035
10.3906,2036
10.3963,2036
10.402,2037
10.4077,2036
10.4134,2036
10.4192,2035
10.4249,2037
10.4306,2038
10.4363,2037
10.442,2035
10.4477,2037
10.4534,2036
10.4591,2035
10.4648,2037
10.4705,2035
10.4762,2035
10.482,2037
10.4877,2036
10.4934,2036
10.4991,2036
10.5048,2036
10.5105,2036
10.5162,2037
10.5219,2036
10.5276,2035
10.5333,2036
10.539,2035
10.5447,2036
10.5504,2037
10.5562,2037
10.5619,2036
10.5676,2036
10.5733,2035
10.579,2035
10.5847,2036
10.5904,2035
10.5961,2037
10.6018,2036
10.6075,2038
10.6132,2035
10.6189,2035
10.6246,2036
10.6304,2034
10.6361,2037
10.6418,2038
10.6475,2038
10.6532,2035
10.6589,2037
10.6646,2037
10.6703,2036
10.676,2035
10.6817,2034
10.6874,2036
10.6932,2035
10.6989,2037
10.7046,2036
10.7103,2036
10.716,2038
10.7217,2033
10.7274,2035
10.7331,2037
10.7388,2037
10.7445,2037
10.7503,2036
10.756,2037
10.7617,2037
10.7674,2036
10.7731,2038
10.7788,2035
10.7845,2035
10.7902,2037
10.7959,2036
10.8016,2037
10.8073,2037
10.813,2035
10.8188,2036
10.8245,2036
10.8302,2036
10.8359,2037
10.8416,2036
10.8473,2037
10.853,2037
10.8587,2036
10.8644,2035
10.8701,2037
10.8758,2037
10.8815,2035
10.8873,2036
10.893,2038
10.8987,2036
10.9044,2037
10.9101,2036
10.9158,2035
10.9215,2036
10.9272,2036
10.9329,2036
10.9386,2035
10.9443,2037
10.95,2037
10.9557,2037
10.9615,2035
10.9672,2035
10.9729,2036
10.9786,2037
10.9843,2034
10.99,2035
10.9957,2034
11.0014,2036
11.0071,2035
11.0128,2036
11.0185,2035
11.0242,2037
11.03,2037
11.0357,2037
11.0414,2035
11.0471,2037
11.0528,2035
11.0585,2037
11.0642,2036
11.0699,2037
11.0756,2035
11.0813,2036
11.087,2038
11.0928,2035
11.0985,2038
11.1042,2035
11.1099,2035
11.1156,2036
11.1213,2034
11.127,2037
11.1327,2037
11.1384,2036
11.1441,2036
11.1498,2035
11.1555,2036
11.1613,2036
11.167,2036
11.1727,2036
11.1784,2035
11.1841,2037
11.1898,2035
11.1955,2036
11.2012,2035
11.2069,2036
11.2126,2035
11.2183,2034
11.224,2036
11.2298,2036
11.2355,2036
11.2412,2036
11.2469,2036
11.2526,2035
11.2583,2036
11.264,2036
11.2697,2036
11.2754,2035
11.2811,2035
11.2868,2036
11.2925,2037
11.2982,2036
11.3039,2036
11.3097,2037
11.3154,2037
11.3211,2034
11.3268,2037
11.3325,2038
11.3382,2035
11.3439,2036
11.3496,2037
11.3553,2037
11.361,2036
11.3667,2034
11.3725,2035
11.3782,2035
11.3839,2035
11.3896,2036
11.3953,2035
11.401,2037
11.4067,2038
11.4124,2035
11.4181,2036
11.4238,2036
11.4295,2035
11.4352,2036
11.4409,2036
11.4467,2034
11.4524,2035
11.4581,2036
11.4638,2035
11.4695,2036
11.4752,2036
11.4809,2036
11.4866,2037
11.4923,2036
11.498,2036
11.5037,2035
11.5094,2037
11.5151,2035
11.5208,2037
11.5266,2037
11.5323,2035
11.538,2036
11.5437,2036
11.5494,2036
11.5551,2036
11.5608,2034
11.5665,2035
11.5722,2037
11.5779,2037
11.5837,2037
11.5894,2036
11.5951,2038
11.6008,2036
11.6065,2035
11.6122,2037
11.6179,2036
11.6236,2037
11.6293,2037
11.635,2035
11.6407,2036
11.6464,2035
11.6522,2036
11.6579,2036
11.6636,2038
11.6693,2036
11.675,2035
11.6807,2036
11.6864,2036
11.6921,2036
11.6978,2035
11.7035,2036
11.7092,2036
11.7149,2036
11.7207,2034
11.7264,2037
11.7321,2037
11.7378,2036
11.7435,2035
11.7492,2036
11.7549,2035
11.7606,2035
11.7663,2034
11.772,2034
11.7777,2036
11.7834,2036
11.7892,2036
11.7949,2036
11.8006,2038
11.8063,2034
11.812,2036
11.8177,2036
11.8234,2036
11.8291,2035
11.8348,2035
11.8405,2037
11.8462,2036
11.8519,2035
11.8577,2035
11.8634,2035
11.8691,2036
11.8748,2037
11.8805,2035
11.8862,2036
11.8919,2036
11.8976,2036
11.9033,2036
11.909,2037
11.9147,2038
11.9205,2036
11.9262,2037
11.9319,2035
11.9376,2035
11.9433,2035
11.949,2035
11.9547,2036
11.9604,2035
11.9661,2036
11.9718,2037
11.9775,2036
11.9833,2037
11.989,2035
11.9947,2037
12.0004,2035
12.0061,2035
12.0118,2037
12.0175,2035
12.0232,2037
12.0289,2038
12.0346,2034
12.0403,2036
12.046,2037
12.0517,2035
12.0575,2037
12.0632,2036
12.0689,2036
12.0746,2036
12.0803,2037
12.086,2035
12.0917,2037
12.0974,2037
12.1031,2036
12.1088,2035
12.1145,2036
12.1202,2036
12.1259,2035
12.1316,2037
12.1374,2036
12.1431,2037
12.1488,2036
12.1545,2036
12.1602,2036
12.1659,2037
12.1716,2037
12.1773,2035
12.183,2035
12.1887,2037
12.1944,2036
12.2001,2034
12.2058,2036
12.2116,2036
12.2173,2037
12.223,2037
12.2287,2036
12.2344,2036
12.2401,2036
12.2458,2037
12.2515,2036
12.2572,2036
12.2629,2037
12.2686,2037
12.2744,2036
12.2801,2034
12.2858,2037
12.2915,2036
12.2972,2036
12.3029,2036
12.3086,2036
12.3143,2036
12.32,2036
12.3257,2035
12.3314,2038
12.3371,2036
12.3428,2037
12.3486,2036
12.3543,2035
12.36,2037
12.3657,2037
12.3714,2035
12.3771,2034
12.3828,2035
12.3885,2035
12.3942,2034
12.3999,2037
12.4056,2035
12.4113,2035
12.4171,2035
12.4228,2036
12.4285,2038
12.4342,2035
12.4399,2036
12.4456,2037
12.4513,2037
12.457,2037
12.4627,2036
12.4684,2037
12.4741,2036
12.4798,2035
12.4856,2035
12.4913,2038
12.497,2036
12.5027,2036
12.5084,2035
12.5141,2036
12.5198,2036
12.5255,2035
12.5312,2036
12.5369,2037
12.5426,2036
12.5483,2036
12.5541,2035
12.5598,2036
12.5655,2037
12.5712,2035
12.5769,2036
12.5826,2035
12.5883,2035
12.594,2038
12.5997,2035
12.6054,2036
12.6112,2034
12.6169,2037
12.6226,2036
12.6283,2035
12.634,2036
12.6397,2036
12.6454,2036
12.6511,2036
12.6568,2035
12.6625,2036
12.6682,2036
12.674,2037
12.6797,2037
12.6854,2035
12.6911,2034
12.6968,2035
12.7025,2036
12.7082,2037
12.7139,2036
12.7196,2035
12.7253,2036
12.731,2036
12.7367,2035
12.7425,2036
12.7482,2035
12.7539,2038
12.7596,2037
12.7653,2034
12.771,2035
12.7767,2036
12.7824,2035
12.7881,2037
12.7938,2036
12.7996,2035
12.8053,2037
12.811,2035
12.8167,2037
12.8224,2036
12.8281,2034
12.8338,2037
12.8395,2036
12.8452,2036
12.8509,2036
12.8566,2035
12.8623,2036
12.8681,2035
12.8738,2036
12.8795,2036
12.8852,2036
12.8909,2037
12.8966,2036
12.9023,2037
12.908,2037
12.9137,2036
12.9194,2037
12.9252,2036
12.9309,2037
12.9366,2036
12.9423,2034
12.948,2036
12.9537,2035
12.9594,2037
12.9651,2036
12.9708,2035
12.9765,2036
12.9822,2036
12.9879,2037
12.9936,2037
12.9993,2035
13.0051,2036
13.0108,2036
13.0165,2036
13.0222,2036
13.0279,2037
13.0336,2037
13.0393,2036
13.045,2036
13.0507,2035
13.0565,2037
13.0622,2036
13.0679,2038
13.0736,2037
13.0793,2038
13.085,2036
13.0907,2035
13.0964,2037
13.1021,2034
13.1078,2035
13.1136,2038
13.1193,2036
13.125,2034
13.1307,2034
13.1364,2037
13.1421,2036
13.1478,2038
13.1535,2034
13.1592,2037
13.1649,2036
13.1706,2036
13.1763,2034
13.1821,2037
13.1878,2035
13.1935,2037
13.1992,2036
13.2049,2037
13.2106,2036
13.2163,2035
13.222,2036
13.2277,2035
13.2334,2035
13.2391,2036
13.2448,2037
13.2505,2036
13.2563,2035
13.262,2036
13.2677,2035
13.2734,2038
13.2791,2037
13.2848,2036
13.2905,2036
13.2962,2035
13.3019,2035
13.3076,2037
13.3133,2034
13.319,2036
13.3248,2035
13.3305,2036
13.3362,2037
13.3419,2037
13.3476,2037
13.3533,2036
13.359,2037
13.3647,2037
13.3704,2036
13.3761,2036
13.3818,2034
13.3875,2036
13.3932,2037
13.3989,2037
13.4047,2036
13.4104,2036
13.4161,2036
13.4218,2035
13.4275,2036
13.4332,2038
13.4389,2036
13.4446,2036
13.4503,2037
13.456,2036
13.4617,2036
13.4674,2035
13.4731,2037
13.4789,2038
13.4846,2035
13.4903,2035
13.496,2037
13.5017,2036
13.5074,2036
13.5131,2034
13.5188,2035
13.5245,2037
13.5302,2037
13.536,2035
13.5417,2037
13.5474,2036
13.5531,2034
13.5588,2038
13.5645,2035
13.5702,2036
13.5759,2036
13.5816,2036
13.5874,2034
13.5931,2033
13.5988,2037
13.6045,2036
13.6102,2035
13.6159,2035
13.6216,2034
13.6273,2035
13.633,2035
13.6387,2038
13.6444,2038
13.6501,2036
13.6558,2036
13.6615,2035
13.6673,2037
13.673,2036
13.6787,2035
13.6844,2036
13.6901,2036
13.6958,2035
13.7015,2036
13.7072,2037
13.7129,2036
13.7186,2037
13.7243,2035
13.7301,2037
13.7358,2036
13.7415,2035
13.7472,2035
13.7529,2037
13.7586,2034
13.7643,2036
13.77,2036
13.7757,2035
13.7814,2037
13.7871,2037
13.7929,2037
13.7986,2036
13.8043,2038
13.81,2035
13.8157,2034
13.8214,2037
13.8271,2037
13.8328,2034
13.8385,2036
13.8442,2036
13.8499,2035
13.8556,2035
13.8614,2034
13.8671,2037
13.8728,2037
13.8785,2035
13.8842,2036
13.8899,2036
13.8956,2037
13.9013,2036
13.907,2036
13.9127,2036
13.9184,2036
13.9242,2036
13.9299,2036
13.9356,2034
13.9413,2034
13.947,2036
13.9527,2037
13.9584,2037
13.9641,2037
13.9698,2036
13.9755,2036
13.9812,2036
13.9869,2035
13.9927,2036
13.9984,2037
14.0041,2035
14.0098,2036
14.0155,2034
14.0212,2037
14.0269,2035
14.0326,2037
14.0383,2034
14.044,2035
14.0497,2036
14.0554,2035
14.0612,2036
14.0669,2037
14.0726,2036
14.0783,2036
14.084,2038
14.0897,2035
14.0954,2034
14.1011,2035
14.1068,2036
14.1125,2036
14.1182,2037
14.1239,2037
14.1296,2035
14.1354,2037
14.1411,2037
14.1468,2039
14.1525,2035
14.1582,2036
14.1639,2033
14.1696,2036
14.1753,2034
14.181,2034
14.1867,2036
14.1924,2036
14.1981,2035
14.2038,2038
14.2096,2038
14.2153,2036
14.221,2034
14.2267,2037
14.2324,2035
14.2381,2037
14.2438,2036
14.2495,2038
14.2552,2037
14.2609,2034
14.2666,2037
14.2723,2037
14.278,2036
14.2838,2037
14.2895,2037
14.2952,2036
14.3009,2036
14.3066,2036
14.3123,2037
14.318,2036
14.3237,2035
14.3294,2036
14.3351,2034
14.3408,2037
14.3465,2037
14.3523,2036
14.358,2037
14.3637,2034
14.3694,2037
14.3751,2036
14.3808,2035
14.3865,2035
14.3922,2036
14.3979,2035
14.4036,2036
14.4093,2036
14.415,2036
14.4208,2036
14.4265,2036
14.4322,2034
14.4379,2036
14.4436,2035
14.4493,2036
14.455,2035
14.4607,2036
14.4664,2037
14.4721,2034
14.4778,2036
14.4835,2038
14.4893,2035
14.495,2036
14.5007,2038
14.5064,2036
14.5121,2037
14.5178,2037
14.5235,2036
14.5292,2036
14.5349,2035
14.5406,2036
14.5464,2035
14.5521,2036
14.5578,2036
14.5635,2036
14.5692,2037
14.5749,2036
14.5806,2037
14.5863,2038
14.592,2036
14.5977,2036
14.6034,2035
14.6092,2034
14.6149,2036
14.6206,2035
14.6263,2038
14.632,2037
14.6377,2036
14.6434,2036
14.6491,2034
14.6548,2036
14.6605,2036
14.6662,2036
14.6719,2037
14.6777,2035
14.6834,2036
14.6891,2037
14.6948,2036
14.7005,2036
14.7062,2034
14.7119,2037
14.7176,2036
14.7233,2034
14.729,2034
14.7347,2037
14.7404,2037
14.7461,2037
14.7519,2035
14.7576,2037
14.7633,2036
14.769,2035
14.7747,2035
14.7804,2036
14.7861,2034
14.7918,2035
14.7975,2037
14.8032,2037
14.8089,2034
14.8146,2036
14.8204,2036
14.8261,2036
14.8318,2035
14.8375,2036
14.8432,2037
14.8489,2035
14.8546,2035
14.8603,2035
14.866,2036
14.8717,2037
14.8774,2036
14.8831,2035
14.8888,2035
14.8945,2036
14.9002,2037
14.906,2037
14.9117,2036
14.9174,2036
14.9231,2034
14.9288,2036
14.9345,2038
14.9402,2036
14.9459,2036
14.9516,2035
14.9573,2036
14.963,2037
14.9688,2037
14.9745,2038
14.9802,2034
14.9859,2036
14.9916,2036
14.9973,2035
15.003,2035
15.0087,2036
15.0144,2038
15.0202,2036
15.0259,2036
15.0316,2036
15.0373,2037
15.043,2038
15.0487,2037
15.0544,2035
15.0601,2037
15.0658,2034
15.0715,2035
15.0773,2036
15.083,2037
15.0887,2035
15.0944,2037
15.1001,2035
15.1058,2035
15.1115,2036
15.1172,2035
15.1229,2037
15.1286,2038
15.1343,2037
15.14,2036
15.1458,2035
15.1515,2036
15.1572,2036
15.1629,2038
15.1686,2037
15.1743,2035
15.18,2036
15.1857,2034
15.1914,2037
15.1971,2035
15.2028,2037
15.2086,2036
15.2143,2036
15.22,2036
15.2257,2035
15.2314,2036
15.2371,2036
15.2428,2037
15.2485,2034
15.2542,2036
15.2599,2037
15.2656,2036
15.2714,2035
15.2771,2036
15.2828,2035
15.2885,2037
15.2942,2037
15.2999,2035
15.3056,2036
15.3113,2037
15.317,2037
15.3227,2035
15.3284,2036
15.3341,2035
15.3398,2037
15.3456,2036
15.3513,2036
15.357,2036
15.3627,2037
15.3684,2035
15.3741,2034
15.3798,2038
15.3855,2035
15.3912,2036
15.3969,2036
15.4026,2037
15.4083,2036
15.4141,2036
15.4198,2036
15.4255,2036
15.4312,2037
15.4369,2035
15.4426,2036
15.4483,2035
15.454,2035
15.4597,2037
15.4654,2036
15.4711,2036
15.4768,2036
15.4825,2037
15.4883,2038
15.494,2036
15.4997,2036
15.5054,2035
15.5111,2037
15.5168,2036
15.5225,2036
15.5282,2035
15.5339,2036
15.5396,2037
15.5453,2037
15.551,2038
15.5568,2035
15.5625,2036
15.5682,2036
15.5739,2037
15.5796,2034
15.5853,2036
15.591,2036
15.5967,2035
15.6024,2035
15.6081,2036
15.6138,2037
15.6196,2037
15.6253,2034
15.631,2036
15.6367,2036
15.6424,2035
15.6481,2037
15.6538,2035
15.6595,2037
15.6652,2036
15.6709,2037
15.6766,2037
15.6823,2035
15.688,2035
15.6937,2035
15.6994,2035
15.7052,2037
15.7109,2037
15.7166,2035
15.7223,2035
15.728,2036
15.7337,2036
15.7394,2035
15.7451,2036
15.7508,2035
15.7565,2035
15.7622,2036
15.7679,2036
15.7736,2036
15.7794,2037
15.7851,2036
15.7908,2036
15.7965,2036
15.8022,2037
15.8079,2038
15.8136,2036
15.8193,2036
15.825,2036
15.8307,2037
15.8364,2035
15.8422,2035
15.8479,2037
15.8536,2038
15.8593,2038
15.865,2035
15.8707,2037
15.8764,2037
15.8821,2036
15.8878,2036
15.8935,2036
15.8992,2036
15.9049,2035
15.9106,2036
15.9164,2035
15.9221,2037
15.9278,2033
15.9335,2037
15.9392,2035
15.9449,2038
15.9506,2038
15.9563,2036
15.962,2035
15.9677,2036
15.9734,2035
15.9792,2037
15.9849,2036
15.9906,2037
15.9963,2036
16.002,2036
16.0077,2035
16.0134,2034
16.0191,2037
16.0248,2036
16.0305,2035
16.0362,2037
16.0419,2037
16.0477,2036
16.0534,2035
16.0591,2036
16.0648,2037
16.0705,2036
16.0762,2037
16.0819,2035
16.0876,2035
16.0933,2034
16.099,2036
16.1047,2038
16.1104,2036
16.1161,2035
16.1219,2036
16.1276,2036
16.1333,2037
16.139,2036
16.1447,2036
16.1504,2035
16.1561,2037
16.1618,2035
16.1675,2038
16.1732,2038
16.1789,2038
16.1847,2035
16.1904,2037
16.1961,2036
16.2018,2037
16.2075,2037
16.2132,2036
16.2189,2036
16.2246,2038
16.2303,2039
16.2361,2037
16.2418,2035
16.2475,2038
16.2532,2038
16.2589,2036
16.2646,2037
16.2703,2039
16.276,2037
16.2817,2037
16.2874,2037
16.2932,2036
16.2989,2037
16.3046,2035
16.3103,2035
16.316,2036
16.3217,2035
16.3274,2035
16.3331,2038
16.3388,2036
16.3445,2036
16.3502,2035
16.356,2037
16.3617,2037
16.3674,2035
16.3731,2037
16.3788,2037
16.3845,2036
16.3902,2036
16.3959,2035
16.4016,2035
16.4073,2037
16.413,2036
16.4187,2036
16.4244,2038
16.4302,2038
16.4359,2035
16.4416,2036
16.4473,2037
16.453,2035
16.4587,2035
16.4644,2037
16.4701,2037
16.4758,2036
16.4816,2035
16.4873,2035
16.493,2036
16.4987,2036
16.5044,2036
16.5101,2036
16.5158,2038
16.5215,2037
16.5272,2036
16.5329,2035
16.5386,2037
16.5443,2036
16.5501,2037
16.5558,2036
16.5615,2036
16.5672,2035
16.5729,2035
16.5786,2036
16.5843,2036
16.59,2035
16.5957,2037
16.6014,2036
16.6072,2037
16.6129,2035
16.6186,2037
16.6243,2036
16.63,2036
16.6357,2034
16.6414,2034
16.6471,2037
16.6528,2037
16.6585,2036
16.6642,2036
16.6699,2035
16.6757,2036
16.6814,2036
16.6871,2036
16.6928,2035
16.6985,2037
16.7042,2036
16.7099,2036
16.7156,2036
16.7213,2036
16.727,2035
16.7328,2037
16.7385,2037
16.7442,2038
16.7499,2035
16.7556,2036
16.7613,2035
16.767,2036
16.7727,2038
16.7784,2036
16.7841,2036
16.7898,2037
16.7955,2035
16.8013,2035
16.807,2035
16.8127,2035
16.8184,2035
16.8241,2036
16.8298,2036
16.8355,2034
16.8412,2036
16.8469,2037
16.8526,2035
16.8583,2036
16.864,2036
16.8698,2037
16.8755,2035
16.8812,2036
16.8869,2037
16.8926,2035
16.8983,2038
16.904,2037
16.9097,2036
16.9154,2035
16.9211,2036
16.9268,2036
16.9325,2036
16.9383,2039
16.944,2036
16.9497,2035
16.9554,2035
16.9611,2036
16.9668,2034
