0.0004,4076
0.003,4077
0.0061,4076
0.0119,4075
0.0177,4074
0.0235,4077
0.0292,4076
0.035,4074
0.0407,4076
0.0464,4076
0.0521,4077
0.0578,4076
0.0635,4077
0.0692,4076
0.0749,4076
0.0806,4076
0.0864,4077
0.0921,4075
0.0978,4074
0.1035,4077
0.1092,4075
0.1149,4074
0.1206,4078
0.1263,4076
0.132,4077
0.1377,4077
0.1434,4076
0.1491,4076
0.1549,4077
0.1606,4075
0.1663,4077
0.172,4075
0.1777,4077
0.1834,4076
0.1891,4077
0.1948,4075
0.2005,4076
0.2062,4076
0.2119,4075
0.2176,4075
0.2233,4076
0.2291,4078
0.2348,4076
0.2405,4077
0.2462,4076
0.2519,4077
0.2576,4076
0.2633,4076
0.269,4076
0.2747,4074
0.2804,4076
0.2861,4076
0.2918,4075
0.2976,4076
0.3033,4076
0.309,4075
0.3147,4076
0.3204,4076
0.3261,4076
0.3318,4076
0.3375,4077
0.3432,4076
0.3489,4074
0.3546,4076
0.3604,4078
0.3661,4076
0.3718,4076
0.3775,4076
0.3832,4075
0.3889,4077
0.3946,4076
0.4003,4076
0.406,4076
0.4117,4076
0.4174,4076
0.4232,4078
0.4289,4076
0.4346,4074
0.4403,4074
0.446,4076
0.4517,4076
0.4574,4076
0.4631,4076
0.4688,4075
0.4745,4075
0.4802,4074
0.4859,4076
0.4917,4075
0.4974,4077
0.5031,4076
0.5088,4075
0.5145,4077
0.5202,4079
0.5259,4077
0.5316,4075
0.5373,4078
0.543,4077
0.5487,4076
0.5544,4075
0.5602,4076
0.5659,4077
0.5716,4075
0.5773,4075
0.583,4076
0.5887,4075
0.5944,4076
0.6001,4075
0.6058,4076
0.6115,4077
0.6172,4075
0.6229,4076
0.6287,4075
0.6344,4076
0.6401,4076
0.6458,4076
0.6515,4075
0.6572,4076
0.6629,4075
0.6686,4078
0.6743,4077
0.6801,4074
0.6858,4077
0.6915,4076
0.6972,4075
0.7029,4076
0.7086,4077
0.7143,4078
0.72,4076
0.7257,4077
0.7314,4076
0.7371,4077
0.7429,4076
0.7486,4075
0.7543,4075
0.76,4076
0.7657,4077
0.7714,4076
0.7771,4076
0.7828,4077
0.7885,4077
0.7942,4076
0.7999,4076
0.8057,4078
0.8114,4077
0.8171,4074
0.8228,4075
0.8285,4076
0.8342,4076
0.8399,4075
0.8456,4077
0.8513,4075
0.857,4079
0.8627,4077
0.8684,4077
0.8741,4076
0.8799,4076
0.8856,4077
0.8913,4077
0.897,4078
0.9027,4077
0.9084,4076
0.9141,4076
0.9198,4074
0.9255,4077
0.9312,4075
0.9369,4077
0.9426,4077
0.9483,4077
0.9541,4077
0.9598,4077
0.9655,4077
0.9712,4076
0.9769,4077
0.9826,4077
0.9883,4077
0.994,4077
0.9997,4077
1.0055,4076
1.0112,4077
1.0169,4077
1.0226,4077
1.0283,4076
1.034,4075
1.0397,4076
1.0454,4077
1.0511,4075
1.0568,4076
1.0625,4076
1.0682,4077
1.074,4076
1.0797,4076
1.0854,4077
1.0911,4078
1.0968,4074
1.1025,4077
1.1082,4076
1.1139,4078
1.1196,4077
1.1254,4077
1.1311,4076
1.1368,4077
1.1425,4078
1.1482,4077
1.1539,4075
1.1596,4077
1.1653,4077
1.171,4076
1.1767,4075
1.1824,4079
1.1882,4074
1.1939,4075
1.1996,4076
1.2053,4077
1.211,4076
1.2167,4077
1.2224,4076
1.2281,4078
1.2338,4077
1.2395,4077
1.2452,4076
1.251,4077
1.2567,4076
1.2624,4077
1.2681,4078
1.2738,4076
1.2795,4075
1.2853,4078
1.291,4076
1.2967,4077
1.3024,4075
1.3081,4077
1.3138,4077
1.3195,4075
1.3252,4076
1.3309,4078
1.3366,4075
1.3423,4075
1.348,4075
1.3538,4076
1.3595,4075
1.3652,4075
1.3709,4076
1.3766,4076
1.3823,4076
1.388,4078
1.3937,4077
1.3994,4076
1.4051,4077
1.4108,4076
1.4166,4077
1.4223,4077
1.428,4077
1.4337,4076
1.4394,4077
1.4451,4077
1.4508,4076
1.4565,4076
1.4622,4078
1.468,4077
1.4737,4077
1.4794,4077
1.4851,4076
1.4908,4077
1.4965,4077
1.5022,4076
1.508,4076
1.5137,4075
1.5194,4077
1.5251,4077
1.5308,4074
1.5365,4078
1.5422,4078
1.5479,4075
1.5536,4076
1.5593,4076
1.565,4076
1.5708,4076
1.5765,4076
1.5822,4076
1.5879,4075
1.5936,4077
1.5993,4075
1.605,4074
1.6107,4074
1.6164,4078
1.6221,4077
1.6278,4075
1.6335,4076
1.6392,4076
1.6449,4076
1.6507,4076
1.6564,4076
1.6621,4076
1.6678,4079
1.6735,4078
1.6792,4077
1.6849,4077
1.6906,4075
1.6963,4076
1.702,4076
1.7077,4075
1.7135,4076
1.7192,4074
1.7249,4076
1.7306,4076
1.7363,4075
1.742,4075
1.7477,4076
1.7534,4075
1.7591,4075
1.7648,4076
1.7706,4078
1.7763,4075
1.782,4079
1.7877,4076
1.7934,4076
1.7991,4077
1.8049,4077
1.8106,4075
1.8163,4078
1.822,4076
1.8277,4076
1.8334,4074
1.8391,4075
1.8448,4076
1.8505,4077
1.8563,4075
1.862,4076
1.8677,4076
1.8734,4075
1.8791,4076
1.8848,4077
1.8905,4074
1.8962,4073
1.9019,4076
1.9076,4076
1.9133,4075
1.919,4077
1.9248,4077
1.9305,4076
1.9362,4076
1.9419,4076
1.9476,4075
1.9533,4076
1.959,4076
1.9647,4077
1.9704,4076
1.9761,4076
1.9818,4073
1.9875,4075
1.9933,4076
1.999,4078
2.0047,4074
2.0104,4076
2.0161,4075
2.0218,4077
2.0275,4075
2.0332,4076
2.0389,4076
2.0446,4078
2.0503,4077
2.0561,4077
2.0618,4076
2.0675,4076
2.0732,4077
2.0789,4076
2.0846,4075
2.0903,4075
2.096,4076
2.1017,4077
2.1074,4075
2.1131,4077
2.1188,4077
2.1245,4075
2.1303,4077
2.136,4075
2.1417,4075
2.1474,4077
2.1531,4077
2.1588,4077
2.1645,4076
2.1702,4075
2.1759,4077
2.1816,4076
2.1873,4075
2.193,4074
2.1987,4075
2.2045,4076
2.2102,4076
2.2159,4075
2.2216,4078
2.2273,4076
2.233,4078
2.2387,4077
2.2444,4075
2.2501,4075
2.2558,4076
2.2615,4076
2.2672,4077
2.273,4074
2.2787,4077
2.2844,4075
2.2901,4075
2.2958,4076
2.3015,4076
2.3072,4076
2.3129,4075
2.3186,4078
2.3243,4074
2.33,4077
2.3357,4076
2.3415,4076
2.3472,4075
2.3529,4075
2.3586,4077
2.3643,4075
2.37,4077
2.3757,4076
2.3814,4078
2.3871,4076
2.3928,4077
2.3985,4076
2.4042,4075
2.41,4075
2.4157,4076
2.4214,4077
2.4271,4076
2.4328,4078
2.4385,4075
2.4442,4075
2.4499,4076
2.4556,4076
2.4613,4076
2.4671,4077
2.4728,4077
2.4785,4076
2.4842,4075
2.4899,4075
2.4956,4075
2.5013,4076
2.507,4076
2.5128,4077
2.5185,4078
2.5242,4077
2.5299,4074
2.5356,4077
2.5413,4075
2.547,4074
2.5527,4077
2.5584,4075
2.5641,4077
2.5698,4077
2.5755,4076
2.5812,4073
2.587,4077
2.5927,4076
2.5984,4076
2.6041,4076
2.6098,4076
2.6155,4077
2.6212,4077
2.6269,4075
2.6326,4076
2.6383,4076
2.644,4077
2.6497,4075
2.6555,4075
2.6612,4076
2.6669,4075
2.6726,4074
2.6783,4077
2.684,4075
2.6897,4076
2.6954,4074
2.7011,4075
2.7068,4076
2.7125,4077
2.7182,4077
2.7239,4077
2.7296,4075
2.7354,4076
2.7411,4076
2.7468,4076
2.7525,4075
2.7582,4076
2.7639,4075
2.7696,4076
2.7753,4076
2.781,4076
2.7867,4076
2.7924,4075
2.7981,4076
2.8038,4076
2.8095,4075
2.8153,4075
2.821,4075
2.8267,4075
2.8324,4076
2.8381,4076
2.8438,4078
2.8495,4075
2.8552,4076
2.8609,4076
2.8667,4079
2.8724,4077
2.8781,4076
2.8838,4076
2.8895,4074
2.8952,4075
2.9009,4075
2.9066,4077
2.9123,4077
2.918,4077
2.9237,4077
2.9294,4077
2.9351,4077
2.9409,4078
2.9466,4075
2.9523,4077
2.958,4077
2.9637,4076
2.9694,4075
2.9751,4076
2.9808,4075
2.9865,4077
2.9922,4073
2.998,4075
3.0037,4075
3.0094,4076
3.0151,4076
3.0208,4077
3.0265,4077
3.0322,4077
3.0379,4077
3.0436,4075
3.0493,4075
3.0551,4075
3.0608,4076
3.0665,4076
3.0722,4075
3.0779,4077
3.0836,4078
3.0893,4076
3.095,4077
3.1007,4077
3.1064,4074
3.1121,4078
3.1178,4075
3.1235,4077
3.1292,4076
3.1349,4074
3.1406,4076
3.1464,4075
3.1521,4076
3.1578,4076
3.1635,4077
3.1692,4076
3.1749,4074
3.1806,4075
3.1863,4075
3.192,4075
3.1977,4075
3.2034,4076
3.2092,4076
3.2149,4076
3.2206,4076
3.2263,4077
3.232,4075
3.2377,4078
3.2434,4077
3.2491,4073
3.2548,4075
3.2605,4077
3.2662,4077
3.2719,4075
3.2776,4077
3.2834,4076
3.2891,4076
3.2948,4076
3.3005,4075
3.3062,4076
3.3119,4078
3.3176,4077
3.3233,4075
3.329,4075
3.3347,4077
3.3404,4077
3.3461,4076
3.3519,4074
3.3576,4075
3.3633,4077
3.369,4077
3.3747,4077
3.3804,4077
3.3861,4076
3.3918,4075
3.3975,4076
3.4032,4076
3.4089,4076
3.4146,4076
3.4203,4076
3.4261,4076
3.4318,4076
3.4375,4078
3.4432,4074
3.4489,4075
3.4546,4075
3.4603,4076
3.466,4077
3.4717,4075
3.4774,4076
3.4831,4076
3.4889,4077
3.4946,4076
3.5003,4074
3.506,4076
3.5117,4077
3.5174,4076
3.5231,4076
3.5288,4076
3.5345,4078
3.5402,4076
3.5459,4077
3.5516,4076
3.5573,4078
3.563,4076
3.5688,4077
3.5745,4074
3.5802,4075
3.5859,4075
3.5916,4077
3.5973,4078
3.603,4075
3.6087,4076
3.6144,4076
3.6201,4077
3.6258,4075
3.6315,4075
3.6372,4076
3.6429,4076
3.6487,4077
3.6544,4077
3.6601,4076
3.6658,4074
3.6715,4075
3.6772,4076
3.6829,4077
3.6886,4077
3.6943,4076
3.7,4075
3.7057,4076
3.7114,4076
3.7172,4076
3.7229,4074
3.7286,4077
3.7343,4077
3.74,4076
3.7457,4074
3.7514,4075
3.7571,4076
3.7628,4076
3.7685,4077
3.7743,4077
3.78,4075
3.7857,4077
3.7914,4076
3.7971,4076
3.8028,4076
3.8085,4076
3.8142,4075
3.8199,4077
3.8257,4077
3.8314,4077
3.8371,4077
3.8428,4078
3.8485,4077
3.8542,4077
3.8599,4076
3.8656,4075
3.8713,4076
3.877,4076
3.8827,4078
3.8884,4076
3.8942,4076
3.8999,4076
3.9056,4074
3.9113,4075
3.917,4073
3.9227,4077
3.9284,4077
3.9341,4076
3.9398,4076
3.9455,4077
3.9513,4075
3.957,4078
3.9627,4077
3.9684,4075
3.9741,4076
3.9798,4077
3.9855,4076
3.9912,4077
3.9969,4075
4.0026,4077
4.0084,4077
4.0141,4076
4.0198,4077
4.0255,4077
4.0312,4076
4.0369,4076
4.0426,4076
4.0483,4077
4.054,4078
4.0597,4077
4.0654,4076
4.0712,4079
4.0769,4077
4.0826,4075
4.0883,4077
4.094,4077
4.0997,4077
4.1054,4077
4.1111,4076
4.1168,4077
4.1225,4076
4.1282,4077
4.134,4076
4.1397,4075
4.1454,4077
4.1511,4077
4.1568,4076
4.1625,4076
4.1682,4076
4.1739,4077
4.1796,4076
4.1854,4076
4.1911,4075
4.1968,4078
4.2025,4072
4.2082,4077
4.2139,4075
4.2196,4075
4.2253,4076
4.231,4076
4.2367,4076
4.2424,4078
4.2481,4078
4.2539,4074
4.2596,4077
4.2653,4076
4.271,4076
4.2767,4075
4.2824,4074
4.2881,4076
4.2938,4075
4.2995,4076
4.3052,4077
4.3109,4075
4.3166,4077
4.3224,4077
4.3281,4076
4.3338,4077
4.3395,4075
4.3452,4077
4.3509,4075
4.3566,4074
4.3623,4076
4.368,4076
4.3737,4076
4.3794,4076
4.3851,4078
4.3909,4075
4.3966,4076
4.4023,4078
4.408,4076
4.4137,4076
4.4194,4076
4.4251,4074
4.4308,4076
4.4365,4077
4.4422,4077
4.4479,4076
4.4536,4075
4.4594,4077
4.4651,4074
4.4708,4077
4.4765,4075
4.4822,4074
4.4879,4077
4.4936,4075
4.4993,4077
4.505,4074
4.5107,4073
4.5164,4078
4.5221,4074
4.5279,4075
4.5336,4078
4.5393,4077
4.545,4075
4.5507,4076
4.5564,4077
4.5621,4074
4.5678,4076
4.5735,4077
4.5792,4078
4.5849,4076
4.5906,4075
4.5964,4076
4.6021,4077
4.6078,4076
4.6135,4077
4.6192,4076
4.6249,4077
4.6306,4075
4.6363,4076
4.642,4076
4.6477,4076
4.6534,4077
4.6591,4076
4.6648,4077
4.6705,4077
4.6763,4075
4.682,4074
4.6877,4076
4.6934,4075
4.6991,4075
4.7048,4075
4.7105,4075
4.7162,4076
4.7219,4075
4.7276,4077
4.7333,4076
4.739,4076
4.7447,4077
4.7505,4077
4.7562,4076
4.7619,4075
4.7676,4076
4.7733,4075
4.779,4077
4.7847,4077
4.7904,4077
4.7961,4078
4.8018,4078
4.8075,4078
4.8133,4077
4.819,4076
4.8247,4075
4.8304,4078
4.8361,4076
4.8418,4077
4.8475,4076
4.8532,4077
4.8589,4076
4.8646,4076
4.8703,4077
4.8761,4076
4.8818,4076
4.8875,4075
4.8932,4076
4.8989,4076
4.9046,4075
4.9103,4077
4.916,4077
4.9217,4075
4.9274,4076
4.9331,4076
4.9388,4075
4.9445,4076
4.9502,4076
4.956,4075
4.9617,4078
4.9674,4076
4.9731,4076
4.9788,4076
4.9845,4077
4.9902,4075
4.9959,4075
5.0016,4075
5.0073,4077
5.013,4075
5.0188,4076
5.0245,4076
5.0302,4078
5.0359,4078
5.0416,4077
5.0473,4074
5.053,4077
5.0587,4075
5.0644,4078
5.0701,4076
5.0758,4078
5.0815,4074
5.0873,4075
5.093,4076
5.0987,4074
5.1044,4075
5.1101,4077
5.1158,4076
5.1215,4077
5.1272,4075
5.1329,4078
5.1386,4076
5.1443,4076
5.15,4075
5.1557,4075
5.1614,4076
5.1671,4077
5.1729,4075
5.1786,4077
5.1843,4076
5.19,4075
5.1957,4076
5.2014,4078
5.2071,4077
5.2128,4077
5.2185,4076
5.2242,4075
5.2299,4076
5.2356,4077
5.2414,4076
5.2471,4075
5.2528,4077
5.2585,4075
5.2642,4077
5.2699,4076
5.2756,4077
5.2813,4076
5.287,4076
5.2927,4075
5.2984,4076
5.3042,4077
5.3099,4076
5.3156,4076
5.3213,4076
5.327,4075
5.3327,4077
5.3384,4075
5.3441,4076
5.3498,4076
5.3556,4076
5.3613,4075
5.367,4074
5.3727,4079
5.3784,4076
5.3841,4076
5.3898,4076
5.3955,4077
5.4012,4076
5.4069,4076
5.4126,4077
5.4183,4076
5.4241,4078
5.4298,4078
5.4355,4073
5.4412,4075
5.4469,4077
5.4526,4077
5.4583,4077
5.464,4075
5.4697,4076
5.4754,4078
5.4812,4076
5.4869,4076
5.4926,4076
5.4983,4076
5.504,4076
5.5097,4074
5.5154,4075
5.5211,4078
5.5268,4076
5.5325,4075
5.5382,4075
5.5439,4076
5.5497,4075
5.5554,4076
5.5611,4077
5.5668,4077
5.5725,4075
5.5782,4073
5.5839,4075
5.5896,4076
5.5953,4075
5.601,4076
5.6067,4074
5.6124,4076
5.6182,4078
5.6239,4076
5.6296,4074
5.6353,4075
5.641,4078
5.6467,4075
5.6524,4076
5.6581,4078
5.6638,4076
5.6695,4075
5.6752,4076
5.6809,4078
5.6866,4078
5.6924,4076
5.6981,4075
5.7038,4078
5.7095,4078
5.7152,4075
5.7209,4077
5.7266,4076
5.7323,4075
5.738,4076
5.7437,4077
5.7494,4077
5.7551,4075
5.7608,4075
5.7665,4077
5.7723,4076
5.778,4075
5.7837,4076
5.7894,4075
5.7951,4076
5.8008,4078
5.8065,4076
5.8122,4077
5.8179,4077
5.8236,4074
5.8293,4075
5.835,4077
5.8407,4077
5.8465,4076
5.8522,4075
5.8579,4078
5.8636,4077
5.8693,4075
5.875,4077
5.8807,4075
5.8864,4075
5.8921,4076
5.8978,4076
5.9036,4076
5.9093,4075
5.915,4075
5.9207,4076
5.9264,4076
5.9321,4078
5.9378,4077
5.9435,4076
5.9493,4076
5.955,4078
5.9607,4076
5.9664,4075
5.9721,4076
5.9778,4077
5.9835,4076
5.9892,4075
5.9949,4076
6.0006,4076
6.0063,4076
6.0121,4076
6.0178,4077
6.0235,4077
6.0292,4078
6.0349,4076
6.0406,4076
6.0463,4075
6.052,4076
6.0577,4077
6.0634,4077
6.0691,4076
6.0748,4075
6.0805,4076
6.0863,4077
6.092,4076
6.0977,4076
6.1034,4078
6.1091,4076
6.1148,4076
6.1205,4077
6.1262,4077
6.1319,4076
6.1376,4077
6.1433,4075
6.149,4077
6.1548,4077
6.1605,4075
6.1662,4078
6.1719,4075
6.1776,4073
6.1833,4078
6.189,4075
6.1947,4076
6.2004,4077
6.2061,4078
6.2118,4076
6.2176,4075
6.2233,4077
6.229,4079
6.2347,4076
6.2404,4075
6.2461,4075
6.2518,4077
6.2575,4076
6.2632,4074
6.2689,4075
6.2747,4076
6.2804,4078
6.2861,4076
6.2918,4076
6.2975,4075
6.3032,4076
6.3089,4076
6.3146,4075
6.3203,4076
6.326,4076
6.3317,4077
6.3374,4076
6.3431,4077
6.3489,4075
6.3546,4078
6.3603,4076
6.366,4075
6.3717,4076
6.3774,4075
6.3831,4074
6.3888,4077
6.3945,4075
6.4002,4076
6.4059,4075
6.4116,4075
6.4174,4075
6.4231,4076
6.4288,4077
6.4345,4076
6.4402,4077
6.4459,4078
6.4516,4077
6.4573,4075
6.463,4077
6.4687,4078
6.4744,4075
6.4802,4078
6.4859,4075
6.4916,4078
6.4973,4076
6.503,4076
6.5087,4077
6.5144,4075
6.5201,4077
6.5258,4075
6.5315,4075
6.5372,4077
6.5429,4075
6.5486,4076
6.5544,4076
6.5601,4075
6.5658,4075
6.5715,4077
6.5772,4075
6.5829,4077
6.5886,4077
6.5943,4076
6.6,4076
6.6057,4079
6.6114,4075
6.6171,4077
6.6229,4077
6.6286,4075
6.6343,4074
6.64,4076
6.6457,4076
6.6514,4076
6.6571,4076
6.6628,4075
6.6685,4076
6.6742,4077
6.6799,4078
6.6856,4077
6.6914,4078
6.6971,4076
6.7028,4077
6.7085,4077
6.7142,4076
6.7199,4075
6.7256,4076
6.7313,4077
6.737,4077
6.7428,4075
6.7485,4076
6.7542,4076
6.7599,4078
6.7656,4075
6.7713,4076
6.777,4076
6.7827,4075
6.7884,4076
6.7941,4073
6.7998,4077
6.8056,4074
6.8113,4076
6.817,4076
6.8227,4077
6.8284,4076
6.8341,4078
6.8398,4077
6.8455,4077
6.8512,4076
6.8569,4076
6.8627,4075
6.8684,4075
6.8741,4076
6.8798,4077
6.8855,4076
6.8912,4076
6.8969,4076
6.9026,4075
6.9083,4076
6.914,4075
6.9197,4076
6.9254,4076
6.9311,4077
6.9368,4076
6.9426,4076
6.9483,4078
6.954,4077
6.9597,4076
6.9654,4077
6.9711,4076
6.9768,4077
6.9825,4076
6.9882,4077
6.9939,4076
6.9996,4077
7.0053,4077
7.0111,4075
7.0168,4076
7.0225,4077
7.0282,4076
7.0339,4078
7.0396,4076
7.0453,4075
7.051,4077
7.0567,4077
7.0624,4077
7.0682,4075
7.0739,4075
7.0796,4076
7.0853,4077
7.091,4078
7.0967,4076
7.1024,4076
7.1082,4075
7.1139,4076
7.1196,4077
7.1253,4078
7.131,4076
7.1367,4076
7.1424,4075
7.1481,4076
7.1538,4076
7.1595,4075
7.1652,4076
7.1709,4075
7.1767,4076
7.1824,4075
7.1881,4077
7.1938,4077
7.1995,4075
7.2052,4079
7.2109,4077
7.2166,4075
7.2223,4076
7.228,4077
7.2337,4077
7.2394,4074
7.2452,4074
7.2509,4077
7.2566,4075
7.2623,4079
7.268,4075
7.2737,4076
7.2794,4076
7.2851,4077
7.2908,4076
7.2965,4076
7.3022,4074
7.3079,4076
7.3137,4076
7.3194,4076
7.3251,4075
7.3308,4076
7.3365,4076
7.3422,4078
7.3479,4077
7.3536,4075
7.3593,4076
7.365,4078
7.3707,4076
7.3765,4075
7.3822,4075
7.3879,4075
7.3936,4076
7.3993,4075
7.405,4076
7.4107,4075
7.4164,4079
7.4221,4075
7.4278,4076
7.4335,4076
7.4392,4076
7.445,4075
7.4507,4075
7.4564,4077
7.4621,4074
7.4678,4076
7.4735,4075
7.4792,4076
7.4849,4077
7.4906,4077
7.4963,4075
7.502,4075
7.5077,4077
7.5134,4078
7.5192,4076
7.5249,4076
7.5306,4076
7.5363,4078
7.542,4076
7.5477,4075
7.5534,4077
7.5591,4076
7.5648,4076
7.5705,4076
7.5762,4077
7.5819,4077
7.5876,4076
7.5933,4075
7.5991,4077
7.6048,4075
7.6105,4076
7.6162,4076
7.6219,4074
7.6276,4074
7.6333,4076
7.639,4077
7.6447,4075
7.6504,4076
7.6561,4076
7.6618,4075
7.6675,4076
7.6733,4075
7.679,4077
7.6847,4077
7.6904,4077
7.6961,4075
7.7018,4077
7.7075,4074
7.7132,4077
7.7189,4076
7.7246,4075
7.7304,4076
7.7361,4076
7.7418,4074
7.7475,4076
7.7532,4076
7.7589,4076
7.7646,4075
7.7703,4076
7.776,4076
7.7817,4074
7.7874,4075
7.7931,4075
7.7989,4076
7.8046,4075
7.8103,4074
7.816,4073
7.8217,4076
7.8274,4076
7.8331,4075
7.8388,4076
7.8445,4075
7.8503,4075
7.856,4076
7.8617,4073
7.8674,4074
7.8731,4076
7.8788,4076
7.8845,4076
7.8902,4075
7.8959,4077
7.9016,4075
7.9073,4077
7.913,4073
7.9187,4076
7.9245,4077
7.9302,4076
7.9359,4077
7.9416,4078
7.9473,4076
7.953,4077
7.9587,4076
7.9644,4079
7.9701,4076
7.9758,4076
7.9815,4076
7.9873,4076
7.993,4076
7.9987,4076
8.0044,4076
8.0101,4076
8.0158,4075
8.0215,4076
8.0272,4076
8.0329,4077
8.0386,4076
8.0444,4076
8.0501,4076
8.0558,4074
8.0615,4075
8.0672,4076
8.0729,4076
8.0786,4079
8.0843,4076
8.09,4076
8.0957,4076
8.1014,4078
8.1071,4076
8.1129,4077
8.1186,4075
8.1243,4075
8.13,4078
8.1357,4078
8.1414,4075
8.1471,4075
8.1528,4076
8.1585,4076
8.1642,4076
8.1699,4077
8.1757,4078
8.1814,4076
8.1871,4078
8.1928,4076
8.1985,4077
8.2042,4076
8.2099,4075
8.2156,4078
8.2213,4076
8.227,4076
8.2328,4076
8.2385,4076
8.2442,4075
8.2499,4077
8.2556,4077
8.2613,4075
8.267,4076
8.2727,4076
8.2784,4077
8.2841,4077
8.2898,4076
8.2955,4076
8.3012,4074
8.3069,4077
8.3127,4075
8.3184,4076
8.3241,4076
8.3298,4075
8.3355,4074
8.3412,4077
8.3469,4075
8.3526,4077
8.3583,4074
8.364,4077
8.3697,4077
8.3754,4076
8.3812,4076
8.3869,4075
8.3926,4078
8.3983,4076
8.404,4076
8.4097,4077
8.4154,4077
8.4211,4076
8.4268,4075
8.4325,4078
8.4382,4075
8.4439,4077
8.4496,4076
8.4554,4076
8.4611,4076
8.4668,4076
8.4725,4076
8.4782,4076
8.4839,4075
8.4896,4076
8.4953,4075
8.501,4076
8.5067,4077
8.5124,4075
8.5181,4075
8.5239,4075
8.5296,4078
8.5353,4077
8.541,4076
8.5467,4076
8.5524,4077
8.5581,4077
8.5638,4076
8.5695,4077
8.5752,4077
8.5809,4078
8.5866,4078
8.5924,4077
8.5981,4077
8.6038,4077
8.6095,4075
8.6152,4077
8.6209,4079
8.6266,4077
8.6323,4074
8.638,4076
8.6437,4076
8.6494,4077
8.6551,4077
8.6609,4073
8.6666,4076
8.6723,4076
8.678,4073
8.6837,4077
8.6894,4076
8.6951,4075
8.7008,4075
8.7065,4076
8.7122,4076
8.7179,4075
8.7236,4075
8.7293,4077
8.7351,4075
8.7408,4076
8.7465,4076
8.7522,4075
8.7579,4077
8.7636,4076
8.7693,4075
8.775,4077
8.7807,4076
8.7864,4077
8.7921,4074
8.7978,4075
8.8036,4076
8.8093,4075
8.815,4075
8.8207,4077
8.8264,4077
8.8321,4074
8.8378,4075
8.8435,4078
8.8492,4076
8.8549,4075
8.8606,4077
8.8663,4076
8.872,4075
8.8778,4075
8.8835,4077
8.8892,4075
8.8949,4076
8.9006,4077
8.9063,4076
8.912,4076
8.9177,4076
8.9234,4078
8.9291,4077
8.9348,4076
8.9405,4078
8.9463,4075
8.952,4075
8.9577,4077
8.9634,4076
8.9691,4077
8.9748,4076
8.9805,4077
8.9862,4078
8.9919,4077
8.9976,4076
9.0033,4077
9.009,4076
9.0147,4076
9.0205,4075
9.0262,4075
9.0319,4077
9.0376,4075
9.0433,4076
9.049,4075
9.0547,4077
9.0604,4077
9.0661,4075
9.0718,4075
9.0776,4074
9.0833,4075
9.089,4075
9.0947,4076
9.1004,4075
9.1061,4076
9.1118,4076
9.1175,4078
9.1232,4078
9.1289,4076
9.1346,4078
9.1403,4075
9.146,4076
9.1518,4076
9.1575,4075
9.1632,4078
9.1689,4077
9.1746,4076
9.1803,4077
9.186,4075
9.1917,4076
9.1974,4076
9.2031,4078
9.2088,4076
9.2145,4074
9.2203,4077
9.226,4076
9.2317,4077
9.2374,4075
9.2431,4076
9.2488,4077
9.2545,4076
9.2602,4076
9.2659,4077
9.2716,4076
9.2774,4075
9.2831,4075
9.2888,4075
9.2945,4074
9.3002,4074
9.3059,4077
9.3116,4078
9.3173,4075
9.323,4076
9.3287,4078
9.3344,4075
9.3401,4075
9.3459,4075
9.3516,4076
9.3573,4074
9.363,4077
9.3687,4078
9.3744,4076
9.3801,4076
9.3858,4075
9.3915,4075
9.3972,4075
9.4029,4075
9.4087,4076
9.4144,4076
9.4201,4077
9.4258,4076
9.4315,4076
9.4372,4076
9.4429,4075
9.4486,4075
9.4543,4075
9.4601,4075
9.4658,4077
9.4715,4077
9.4772,4076
9.4829,4077
9.4886,4077
9.4943,4075
9.5,4076
9.5057,4076
9.5114,4076
9.5171,4075
9.5229,4076
9.5286,4076
9.5343,4076
9.54,4076
9.5457,4077
9.5514,4077
9.5571,4077
9.5628,4076
9.5685,4077
9.5742,4075
9.5799,4076
9.5857,4076
9.5914,4076
9.5971,4075
9.6028,4076
9.6085,4076
9.6142,4075
9.6199,4075
9.6256,4076
9.6313,4076
9.6371,4075
9.6428,4076
9.6485,4075
9.6542,4078
9.6599,4075
9.6656,4075
9.6713,4078
9.677,4077
9.6827,4074
9.6884,4076
9.6941,4076
9.6998,4076
9.7055,4077
9.7112,4075
9.7169,4077
9.7227,4076
9.7284,4076
9.7341,4074
9.7398,4077
9.7455,4076
9.7512,4075
9.7569,4076
9.7626,4076
9.7683,4075
9.774,4077
9.7797,4078
9.7854,4076
9.7911,4075
9.7969,4076
9.8026,4076
9.8083,4077
9.814,4076
9.8197,4077
9.8254,4077
9.8311,4074
9.8368,4076
9.8426,4076
9.8483,4077
9.854,4077
9.8597,4076
9.8654,4077
9.8711,4075
9.8768,4076
9.8825,4076
9.8882,4077
9.8939,4077
9.8996,4075
9.9053,4075
9.9111,4078
9.9168,4076
9.9225,4077
9.9282,4077
9.9339,4077
9.9396,4077
9.9453,4077
9.951,4076
9.9567,4075
9.9624,4076
9.9681,4078
9.9738,4077
9.9796,4075
9.9853,4076
9.991,4076
9.9967,4076
10.0024,4077
10.0081,4074
10.0138,4075
10.0195,4075
10.0252,4077
10.0309,4076
10.0366,4076
10.0424,4075
10.0481,4075
10.0538,4075
10.0595,4075
10.0652,4074
10.0709,4077
10.0766,4078
10.0823,4076
10.088,4077
10.0937,4075
10.0994,4076
10.1051,4075
10.1108,4077
10.1166,4076
10.1223,4076
10.128,4077
10.1337,4077
10.1394,4078
10.1451,4076
10.1508,4075
10.1565,4077
10.1622,4075
10.1679,4075
10.1737,4075
10.1794,4076
10.1851,4077
10.1908,4077
10.1965,4076
10.2022,4076
10.2079,4075
10.2136,4076
10.2193,4077
10.2251,4078
10.2308,4076
10.2365,4075
10.2422,4076
10.2479,4078
10.2536,4075
10.2593,4077
10.265,4075
10.2707,4076
10.2764,4075
10.2821,4077
10.2878,4076
10.2936,4074
10.2993,4075
10.305,4074
10.3107,4076
10.3164,4076
10.3221,4075
10.3278,4077
10.3335,4077
10.3392,4077
10.3449,4077
10.3506,4076
10.3564,4075
10.3621,4076
10.3678,4074
10.3735,4077
10.3792,4077
10.3849,4077
10.3906,4075
10.3963,4077
10.402,4075
10.4077,4075
10.4134,4078
10.4192,4077
10.4249,4077
10.4306,4076
10.4363,4077
10.442,4078
10.4477,4076
10.4534,4078
10.4591,4076
10.4648,4077
10.4705,4074
10.4762,4076
10.482,4076
10.4877,4075
10.4934,4076
10.4991,4077
10.5048,4076
10.5105,4074
10.5162,4076
10.5219,4075
10.5276,4076
10.5333,4076
10.539,4076
10.5447,4076
10.5504,4074
10.5562,4072
10.5619,4077
10.5676,4077
10.5733,4076
10.579,4073
10.5847,4076
10.5904,4077
10.5961,4077
10.6018,4075
10.6075,4078
10.6132,4076
10.6189,4075
10.6246,4077
10.6304,4076
10.6361,4077
10.6418,4077
10.6475,4076
10.6532,4076
10.6589,4075
10.6646,4076
10.6703,4074
10.676,4076
10.6817,4075
10.6874,4077
10.6932,4074
10.6989,4076
10.7046,4076
10.7103,4076
10.716,4077
10.7217,4075
10.7274,4076
10.7331,4078
10.7388,4077
10.7445,4074
10.7503,4076
10.756,4076
10.7617,4075
10.7674,4077
10.7731,4075
10.7788,4075
10.7845,4077
10.7902,4076
10.7959,4079
10.8016,4076
10.8073,4075
10.813,4075
10.8188,4075
10.8245,4077
10.8302,4076
10.8359,4076
10.8416,4076
10.8473,4074
10.853,4076
10.8587,4076
10.8644,4077
10.8701,4075
10.8758,4077
10.8815,4075
10.8873,4073
10.893,4076
10.8987,4075
10.9044,4075
10.9101,4075
10.9158,4077
10.9215,4075
10.9272,4076
10.9329,4077
10.9386,4076
10.9443,4078
10.95,4073
10.9557,4076
10.9615,4077
10.9672,4074
10.9729,4077
10.9786,4076
10.9843,4076
10.99,4074
10.9957,4076
11.0014,4077
11.0071,4075
11.0128,4078
11.0185,4078
11.0242,4076
11.03,4075
11.0357,4076
11.0414,4075
11.0471,4076
11.0528,4078
11.0585,4078
11.0642,4076
11.0699,4077
11.0756,4073
11.0813,4075
11.087,4074
11.0928,4076
11.0985,4075
11.1042,4077
11.1099,4078
11.1156,4077
11.1213,4077
11.127,4077
11.1327,4076
11.1384,4075
11.1441,4076
11.1498,4075
11.1555,4077
11.1613,4076
11.167,4075
11.1727,4075
11.1784,4075
11.1841,4076
11.1898,4076
11.1955,4076
11.2012,4075
11.2069,4075
11.2126,4077
11.2183,4077
11.224,4075
11.2298,4076
11.2355,4076
11.2412,4075
11.2469,4075
11.2526,4076
11.2583,4075
11.264,4076
11.2697,4075
11.2754,4076
11.2811,4074
11.2868,4076
11.2925,4075
11.2982,4077
11.3039,4077
11.3097,4073
11.3154,4076
11.3211,4076
11.3268,4076
11.3325,4076
11.3382,4077
11.3439,4076
11.3496,4076
11.3553,4075
11.361,4076
11.3667,4075
11.3725,4077
11.3782,4076
11.3839,4076
11.3896,4076
11.3953,4077
11.401,4073
11.4067,4076
11.4124,4074
11.4181,4076
11.4238,4076
11.4295,4076
11.4352,4076
11.4409,4076
11.4467,4078
11.4524,4076
11.4581,4074
11.4638,4074
11.4695,4076
11.4752,4076
11.4809,4077
11.4866,4074
11.4923,4076
11.498,4075
11.5037,4075
11.5094,4075
11.5151,4075
11.5208,4078
11.5266,4076
11.5323,4076
11.538,4076
11.5437,4076
11.5494,4077
11.5551,4076
11.5608,4077
11.5665,4077
11.5722,4076
11.5779,4075
11.5837,4076
11.5894,4077
11.5951,4078
11.6008,4078
11.6065,4076
11.6122,4075
11.6179,4074
11.6236,4077
11.6293,4076
11.635,4076
11.6407,4075
11.6464,4078
11.6522,4077
11.6579,4076
11.6636,4075
11.6693,4075
11.675,4075
11.6807,4076
11.6864,4076
11.6921,4076
11.6978,4075
11.7035,4077
11.7092,4076
11.7149,4076
11.7207,4075
11.7264,4076
11.7321,4076
11.7378,4077
11.7435,4077
11.7492,4076
11.7549,4073
11.7606,4076
11.7663,4076
11.772,4076
11.7777,4077
11.7834,4076
11.7892,4077
11.7949,4076
11.8006,4075
11.8063,4075
11.812,4077
11.8177,4075
11.8234,4077
11.8291,4075
11.8348,4075
11.8405,4075
11.8462,4075
11.8519,4075
11.8577,4077
11.8634,4077
11.8691,4077
11.8748,4075
11.8805,4074
11.8862,4076
11.8919,4076
11.8976,4076
11.9033,4077
11.909,4075
11.9147,4078
11.9205,4078
11.9262,4077
11.9319,4076
11.9376,4076
11.9433,4077
11.949,4078
11.9547,4077
11.9604,4075
11.9661,4076
11.9718,4075
11.9775,4074
11.9833,4077
11.989,4074
11.9947,4076
12.0004,4074
12.0061,4077
12.0118,4076
12.0175,4075
12.0232,4075
12.0289,4075
12.0346,4075
12.0403,4074
12.046,4077
12.0517,4078
12.0575,4076
12.0632,4075
12.0689,4075
12.0746,4076
12.0803,4077
12.086,4075
12.0917,4076
12.0974,4076
12.1031,4075
12.1088,4077
12.1145,4075
12.1202,4077
12.1259,4076
12.1316,4078
12.1374,4074
12.1431,4076
12.1488,4077
12.1545,4076
12.1602,4077
12.1659,4078
12.1716,4076
12.1773,4076
12.183,4075
12.1887,4074
12.1944,4075
12.2001,4076
12.2058,4076
12.2116,4077
12.2173,4075
12.223,4074
12.2287,4075
12.2344,4077
12.2401,4075
12.2458,4076
12.2515,4075
12.2572,4074
12.2629,4078
12.2686,4076
12.2744,4077
12.2801,4075
12.2858,4074
12.2915,4076
12.2972,4076
12.3029,4076
12.3086,4076
12.3143,4076
12.32,4075
12.3257,4075
12.3314,4077
12.3371,4075
12.3428,4075
12.3486,4076
12.3543,4076
12.36,4075
12.3657,4076
12.3714,4076
12.3771,4076
12.3828,4076
12.3885,4076
12.3942,4078
12.3999,4076
12.4056,4076
12.4113,4075
12.4171,4074
12.4228,4076
12.4285,4076
12.4342,4074
12.4399,4078
12.4456,4076
12.4513,4076
12.457,4077
12.4627,4076
12.4684,4076
12.4741,4077
12.4798,4077
12.4856,4074
12.4913,4074
12.497,4077
12.5027,4078
12.5084,4075
12.5141,4075
12.5198,4074
12.5255,4074
12.5312,4075
12.5369,4075
12.5426,4076
12.5483,4076
12.5541,4074
12.5598,4075
12.5655,4077
12.5712,4076
12.5769,4076
12.5826,4076
12.5883,4077
12.594,4077
12.5997,4075
12.6054,4077
12.6112,4074
12.6169,4076
12.6226,4077
12.6283,4077
12.634,4075
12.6397,4077
12.6454,4076
12.6511,4077
12.6568,4076
12.6625,4075
12.6682,4076
12.674,4077
12.6797,4078
12.6854,4076
12.6911,4075
12.6968,4078
12.7025,4076
12.7082,4074
12.7139,4073
12.7196,4076
12.7253,4076
12.731,4075
12.7367,4077
12.7425,4075
12.7482,4075
12.7539,4076
12.7596,4076
12.7653,4075
12.771,4076
12.7767,4078
12.7824,4076
12.7881,4077
12.7938,4076
12.7996,4077
12.8053,4075
12.811,4078
12.8167,4077
12.8224,4076
12.8281,4074
12.8338,4077
12.8395,4076
12.8452,4077
12.8509,4075
12.8566,4075
12.8623,4075
12.8681,4075
12.8738,4075
12.8795,4075
12.8852,4075
12.8909,4078
12.8966,4076
12.9023,4077
12.908,4076
12.9137,4074
12.9194,4075
12.9252,4076
12.9309,4075
12.9366,4074
12.9423,4075
12.948,4078
12.9537,4077
12.9594,4075
12.9651,4075
12.9708,4075
12.9765,4076
12.9822,4075
12.9879,4076
12.9936,4078
12.9993,4074
13.0051,4075
13.0108,4077
13.0165,4075
13.0222,4076
13.0279,4077
13.0336,4074
13.0393,4075
13.045,4075
13.0507,4074
13.0565,4077
13.0622,4076
13.0679,4076
13.0736,4076
13.0793,4077
13.085,4075
13.0907,4077
13.0964,4075
13.1021,4076
13.1078,4076
13.1136,4075
13.1193,4075
13.125,4076
13.1307,4075
13.1364,4075
13.1421,4075
13.1478,4077
13.1535,4076
13.1592,4074
13.1649,4076
13.1706,4076
13.1763,4076
13.1821,4077
13.1878,4076
13.1935,4075
13.1992,4076
13.2049,4075
13.2106,4074
13.2163,4075
13.222,4076
13.2277,4078
13.2334,4077
13.2391,4076
13.2448,4076
13.2505,4075
13.2563,4076
13.262,4076
13.2677,4075
13.2734,4076
13.2791,4075
13.2848,4075
13.2905,4076
13.2962,4076
13.3019,4076
13.3076,4076
13.3133,4075
13.319,4076
13.3248,4076
13.3305,4078
13.3362,4075
13.3419,4078
13.3476,4076
13.3533,4076
13.359,4076
13.3647,4074
13.3704,4077
13.3761,4075
13.3818,4077
13.3875,4076
13.3932,4076
13.3989,4075
13.4047,4076
13.4104,4075
13.4161,4076
13.4218,4076
13.4275,4075
13.4332,4076
13.4389,4076
13.4446,4077
13.4503,4073
13.456,4075
13.4617,4077
13.4674,4075
13.4731,4077
13.4789,4075
13.4846,4074
13.4903,4075
13.496,4075
13.5017,4075
13.5074,4077
13.5131,4075
13.5188,4076
13.5245,4076
13.5302,4074
13.536,4077
13.5417,4076
13.5474,4074
13.5531,4076
13.5588,4077
13.5645,4076
13.5702,4076
13.5759,4074
13.5816,4076
13.5874,4074
13.5931,4075
13.5988,4076
13.6045,4077
13.6102,4076
13.6159,4075
13.6216,4075
13.6273,4077
13.633,4076
13.6387,4075
13.6444,4077
13.6501,4075
13.6558,4075
13.6615,4076
13.6673,4077
13.673,4075
13.6787,4077
13.6844,4076
13.6901,4075
13.6958,4075
13.7015,4076
13.7072,4075
13.7129,4076
13.7186,4075
13.7243,4075
13.7301,4076
13.7358,4076
13.7415,4075
13.7472,4075
13.7529,4075
13.7586,4075
13.7643,4075
13.77,4076
13.7757,4077
13.7814,4077
13.7871,4077
13.7929,4075
13.7986,4077
13.8043,4076
13.81,4077
13.8157,4075
13.8214,4075
13.8271,4075
13.8328,4076
13.8385,4075
13.8442,4077
13.8499,4075
13.8556,4076
13.8614,4076
13.8671,4076
13.8728,4074
13.8785,4075
13.8842,4074
13.8899,4073
13.8956,4076
13.9013,4076
13.907,4075
13.9127,4074
13.9184,4076
13.9242,4076
13.9299,4077
13.9356,4074
13.9413,4076
13.947,4076
13.9527,4078
13.9584,4074
13.9641,4076
13.9698,4076
13.9755,4077
13.9812,4075
13.9869,4075
13.9927,4076
13.9984,4074
14.0041,4076
14.0098,4075
14.0155,4076
14.0212,4077
14.0269,4076
14.0326,4076
14.0383,4077
14.044,4076
14.0497,4075
14.0554,4076
14.0612,4077
14.0669,4074
14.0726,4077
14.0783,4076
14.084,4077
14.0897,4075
14.0954,4075
14.1011,4076
14.1068,4075
14.1125,4076
14.1182,4076
14.1239,4076
14.1296,4075
14.1354,4076
14.1411,4076
14.1468,4075
14.1525,4075
14.1582,4074
14.1639,4075
14.1696,4074
14.1753,4075
14.181,4078
14.1867,4075
14.1924,4075
14.1981,4076
14.2038,4077
14.2096,4075
14.2153,4075
14.221,4074
14.2267,4076
14.2324,4076
14.2381,4075
14.2438,4077
14.2495,4075
14.2552,4077
14.2609,4074
14.2666,4075
14.2723,4074
14.278,4074
14.2838,4075
14.2895,4076
14.2952,4076
14.3009,4075
14.3066,4074
14.3123,4075
14.318,4075
14.3237,4076
14.3294,4073
14.3351,4077
14.3408,4074
14.3465,4077
14.3523,4074
14.358,4074
14.3637,4076
14.3694,4076
14.3751,4077
14.3808,4077
14.3865,4076
14.3922,4075
14.3979,4075
14.4036,4075
14.4093,4075
14.415,4074
14.4208,4074
14.4265,4075
14.4322,4074
14.4379,4076
14.4436,4074
14.4493,4074
14.455,4076
14.4607,4075
14.4664,4075
14.4721,4075
14.4778,4076
14.4835,4074
14.4893,4075
14.495,4076
14.5007,4075
14.5064,4076
14.5121,4072
14.5178,4075
14.5235,4078
14.5292,4075
14.5349,4077
14.5406,4077
14.5464,4076
14.5521,4077
14.5578,4075
14.5635,4077
14.5692,4077
14.5749,4076
14.5806,4077
14.5863,4076
14.592,4076
14.5977,4077
14.6034,4075
14.6092,4074
14.6149,4075
14.6206,4075
14.6263,4077
14.632,4075
14.6377,4076
14.6434,4074
14.6491,4075
14.6548,4077
14.6605,4074
14.6662,4077
14.6719,4076
14.6777,4075
14.6834,4076
14.6891,4075
14.6948,4076
14.7005,4075
14.7062,4073
14.7119,4075
14.7176,4075
14.7233,4076
14.729,4075
14.7347,4074
14.7404,4076
14.7461,4077
14.7519,4078
14.7576,4077
14.7633,4074
14.769,4076
14.7747,4076
14.7804,4076
14.7861,4077
14.7918,4076
14.7975,4075
14.8032,4074
14.8089,4076
14.8146,4075
14.8204,4075
14.8261,4077
14.8318,4077
14.8375,4074
14.8432,4076
14.8489,4076
14.8546,4075
14.8603,4075
14.866,4076
14.8717,4076
14.8774,4075
14.8831,4076
14.8888,4075
14.8945,4076
14.9002,4074
14.906,4077
14.9117,4075
14.9174,4077
14.9231,4076
14.9288,4073
14.9345,4076
14.9402,4074
14.9459,4074
14.9516,4075
14.9573,4076
14.963,4073
14.9688,4075
14.9745,4075
14.9802,4074
14.9859,4074
14.9916,4075
14.9973,4076
15.003,4076
15.0087,4076
15.0144,4077
15.0202,4076
15.0259,4076
15.0316,4074
15.0373,4076
15.043,4076
15.0487,4077
15.0544,4074
15.0601,4075
15.0658,4075
15.0715,4074
15.0773,4077
15.083,4077
15.0887,4075
15.0944,4074
15.1001,4076
15.1058,4075
15.1115,4075
15.1172,4076
15.1229,4075
15.1286,4076
15.1343,4074
15.14,4074
15.1458,4076
15.1515,4076
15.1572,4075
15.1629,4073
15.1686,4076
15.1743,4075
15.18,4076
15.1857,4075
15.1914,4076
15.1971,4076
15.2028,4074
15.2086,4076
15.2143,4076
15.22,4074
15.2257,4074
15.2314,4077
15.2371,4074
15.2428,4074
15.2485,4076
15.2542,4074
15.2599,4075
15.2656,4077
15.2714,4073
15.2771,4076
15.2828,4076
15.2885,4074
15.2942,4075
15.2999,4075
15.3056,4075
15.3113,4075
15.317,4075
15.3227,4075
15.3284,4074
15.3341,4075
15.3398,4075
15.3456,4077
15.3513,4075
15.357,4075
15.3627,4076
15.3684,4076
15.3741,4072
15.3798,4074
15.3855,4075
15.3912,4078
15.3969,4076
15.4026,4074
15.4083,4075
15.4141,4074
15.4198,4073
15.4255,4076
15.4312,4075
15.4369,4074
15.4426,4075
15.4483,4075
15.454,4075
15.4597,4076
15.4654,4073
15.4711,4077
15.4768,4077
15.4825,4075
15.4883,4074
15.494,4076
15.4997,4076
15.5054,4075
15.5111,4075
15.5168,4075
15.5225,4075
15.5282,4075
15.5339,4075
15.5396,4076
15.5453,4075
15.551,4075
15.5568,4074
15.5625,4075
15.5682,4074
15.5739,4076
15.5796,4075
15.5853,4074
15.591,4077
15.5967,4075
15.6024,4074
15.6081,4075
15.6138,4076
15.6196,4076
15.6253,4079
15.631,4073
15.6367,4077
15.6424,4076
15.6481,4075
15.6538,4075
15.6595,4073
15.6652,4077
15.6709,4074
15.6766,4075
15.6823,4076
15.688,4077
15.6937,4077
15.6994,4075
15.7052,4075
15.7109,4075
15.7166,4075
15.7223,4074
15.728,4076
15.7337,4074
15.7394,4074
15.7451,4074
15.7508,4074
15.7565,4074
15.7622,4077
15.7679,4074
15.7736,4075
15.7794,4077
15.7851,4074
15.7908,4077
15.7965,4073
15.8022,4075
15.8079,4077
15.8136,4076
15.8193,4077
15.825,4076
15.8307,4077
15.8364,4077
15.8422,4074
15.8479,4076
15.8536,4074
15.8593,4075
15.865,4075
15.8707,4073
15.8764,4076
15.8821,4074
15.8878,4076
15.8935,4076
15.8992,4076
15.9049,4074
15.9106,4076
15.9164,4075
15.9221,4075
15.9278,4075
15.9335,4074
15.9392,4074
15.9449,4076
15.9506,4077
15.9563,4076
15.962,4076
15.9677,4076
15.9734,4074
15.9792,4075
15.9849,4078
15.9906,4075
15.9963,4076
16.002,4077
16.0077,4075
16.0134,4076
16.0191,4077
16.0248,4074
16.0305,4076
16.0362,4075
16.0419,4075
16.0477,4075
16.0534,4076
16.0591,4075
16.0648,4075
16.0705,4076
16.0762,4074
16.0819,4075
16.0876,4076
16.0933,4078
16.099,4074
16.1047,4077
16.1104,4076
16.1161,4075
16.1219,4074
16.1276,4074
16.1333,4072
16.139,4075
16.1447,4075
16.1504,4075
16.1561,4076
16.1618,4076
16.1675,4076
16.1732,4074
16.1789,4074
16.1847,4076
16.1904,4076
16.1961,4075
16.2018,4077
16.2075,4077
16.2132,4074
16.2189,4074
16.2246,4075
16.2303,4075
16.2361,4075
16.2418,4075
16.2475,4075
16.2532,4075
16.2589,4076
16.2646,4076
16.2703,4075
16.276,4075
16.2817,4074
16.2874,4077
16.2932,4075
16.2989,4075
16.3046,4074
16.3103,4077
16.316,4075
16.3217,4076
16.3274,4075
16.3331,4076
16.3388,4076
16.3445,4076
16.3502,4075
16.356,4075
16.3617,4075
16.3674,4076
16.3731,4077
16.3788,4075
16.3845,4074
16.3902,4075
16.3959,4075
16.4016,4076
16.4073,4076
16.413,4076
16.4187,4075
16.4244,4076
16.4302,4075
16.4359,4076
16.4416,4074
16.4473,4076
16.453,4076
16.4587,4075
16.4644,4076
16.4701,4075
16.4758,4075
16.4816,4075
16.4873,4076
16.493,4075
16.4987,4076
16.5044,4076
16.5101,4076
16.5158,4074
16.5215,4076
16.5272,4075
16.5329,4074
16.5386,4074
16.5443,4078
16.5501,4074
16.5558,4074
16.5615,4075
16.5672,4077
16.5729,4076
16.5786,4075
16.5843,4074
16.59,4076
16.5957,4074
16.6014,4075
16.6072,4075
16.6129,4077
16.6186,4075
16.6243,4075
16.63,4075
16.6357,4076
16.6414,4076
16.6471,4076
16.6528,4075
16.6585,4075
16.6642,4074
16.6699,4076
16.6757,4076
16.6814,4077
16.6871,4075
16.6928,4074
16.6985,4075
16.7042,4076
16.7099,4076
16.7156,4075
16.7213,4075
16.727,4076
16.7328,4074
16.7385,4076
16.7442,4076
16.7499,4076
16.7556,4075
16.7613,4077
16.767,4074
16.7727,4074
16.7784,4076
16.7841,4074
16.7898,4074
16.7955,4076
16.8013,4075
16.807,4076
16.8127,4076
16.8184,4075
16.8241,4076
16.8298,4076
16.8355,4075
16.8412,4075
16.8469,4076
16.8526,4076
16.8583,4076
16.864,4078
16.8698,4076
16.8755,4076
16.8812,4076
16.8869,4077
16.8926,4075
16.8983,4075
16.904,4075
16.9097,4075
16.9154,4075
16.9211,4074
16.9268,4076
16.9325,4075
16.9383,4076
16.944,4074
16.9497,4075
16.9554,4074
16.9611,4076
16.9668,4076
