0.0004,2038
0.003,2036
0.0061,2018
0.0119,1982
0.0177,1953
0.0235,1931
0.0292,1910
0.035,1893
0.0407,1875
0.0464,1862
0.0521,1854
0.0578,1850
0.0635,1851
0.0692,1853
0.0749,1850
0.0806,1852
0.0864,1851
0.0921,1852
0.0978,1850
0.1035,1850
0.1092,1852
0.1149,1849
0.1206,1852
0.1263,1850
0.132,1852
0.1377,1854
0.1434,1852
0.1491,1852
0.1549,1853
0.1606,1851
0.1663,1854
0.172,1851
0.1777,1853
0.1834,1849
0.1891,1849
0.1948,1854
0.2005,1850
0.2062,1850
0.2119,1853
0.2176,1853
0.2233,1853
0.2291,1851
0.2348,1851
0.2405,1852
0.2462,1853
0.2519,1852
0.2576,1850
0.2633,1852
0.269,1852
0.2747,1852
0.2804,1851
0.2861,1852
0.2918,1850
0.2976,1850
0.3033,1850
0.309,1852
0.3147,1850
0.3204,1850
0.3261,1850
0.3318,1851
0.3375,1855
0.3432,1849
0.3489,1849
0.3546,1852
0.3604,1850
0.3661,1851
0.3718,1852
0.3775,1853
0.3832,1854
0.3889,1850
0.3946,1852
0.4003,1853
0.406,1852
0.4117,1851
0.4174,1851
0.4232,1852
0.4289,1848
0.4346,1850
0.4403,1851
0.446,1853
0.4517,1852
0.4574,1853
0.4631,1851
0.4688,1853
0.4745,1850
0.4802,1850
0.4859,1852
0.4917,1853
0.4974,1852
0.5031,1851
0.5088,1852
0.5145,1851
0.5202,1848
0.5259,1852
0.5316,1849
0.5373,1851
0.543,1851
0.5487,1853
0.5544,1852
0.5602,1850
0.5659,1853
0.5716,1851
0.5773,1853
0.583,1851
0.5887,1852
0.5944,1853
0.6001,1853
0.6058,1851
0.6115,1851
0.6172,1852
0.6229,1853
0.6287,1852
0.6344,1850
0.6401,1850
0.6458,1851
0.6515,1852
0.6572,1850
0.6629,1849
0.6686,1853
0.6743,1850
0.6801,1850
0.6858,1852
0.6915,1852
0.6972,1851
0.7029,1850
0.7086,1852
0.7143,1848
0.72,1851
0.7257,1851
0.7314,1854
0.7371,1849
0.7429,1849
0.7486,1853
0.7543,1850
0.76,1849
0.7657,1851
0.7714,1852
0.7771,1852
0.7828,1852
0.7885,1850
0.7942,1852
0.7999,1850
0.8057,1852
0.8114,1850
0.8171,1851
0.8228,1851
0.8285,1853
0.8342,1851
0.8399,1850
0.8456,1852
0.8513,1851
0.857,1851
0.8627,1850
0.8684,1852
0.8741,1852
0.8799,1852
0.8856,1851
0.8913,1849
0.897,1853
0.9027,1853
0.9084,1849
0.9141,1848
0.9198,1850
0.9255,1850
0.9312,1851
0.9369,1853
0.9426,1850
0.9483,1849
0.9541,1853
0.9598,1851
0.9655,1851
0.9712,1852
0.9769,1847
0.9826,1851
0.9883,1853
0.994,1851
0.9997,1852
1.0055,1852
1.0112,1853
1.0169,1850
1.0226,1852
1.0283,1853
1.034,1852
1.0397,1853
1.0454,1851
1.0511,1851
1.0568,1851
1.0625,1852
1.0682,1850
1.074,1851
1.0797,1853
1.0854,1850
1.0911,1849
1.0968,1852
1.1025,1853
1.1082,1853
1.1139,1849
1.1196,1851
1.1254,1853
1.1311,1850
1.1368,1851
1.1425,1853
1.1482,1850
1.1539,1850
1.1596,1854
1.1653,1849
1.171,1851
1.1767,1850
1.1824,1850
1.1882,1851
1.1939,1849
1.1996,1850
1.2053,1852
1.211,1848
1.2167,1849
1.2224,1852
1.2281,1853
1.2338,1853
1.2395,1851
1.2452,1852
1.251,1853
1.2567,1852
1.2624,1850
1.2681,1853
1.2738,1849
1.2795,1852
1.2853,1852
1.291,1850
1.2967,1850
1.3024,1853
1.3081,1851
1.3138,1852
1.3195,1850
1.3252,1849
1.3309,1853
1.3366,1851
1.3423,1850
1.348,1851
1.3538,1853
1.3595,1851
1.3652,1851
1.3709,1852
1.3766,1851
1.3823,1851
1.388,1850
1.3937,1850
1.3994,1852
1.4051,1852
1.4108,1849
1.4166,1854
1.4223,1851
1.428,1850
1.4337,1852
1.4394,1853
1.4451,1851
1.4508,1854
1.4565,1851
1.4622,1847
1.468,1852
1.4737,1853
1.4794,1852
1.4851,1851
1.4908,1851
1.4965,1851
1.5022,1849
1.508,1849
1.5137,1853
1.5194,1848
1.5251,1852
1.5308,1853
1.5365,1850
1.5422,1852
1.5479,1854
1.5536,1850
1.5593,1851
1.565,1853
1.5708,1852
1.5765,1852
1.5822,1852
1.5879,1851
1.5936,1851
1.5993,1850
1.605,1851
1.6107,1850
1.6164,1850
1.6221,1851
1.6278,1850
1.6335,1851
1.6392,1853
1.6449,1852
1.6507,1851
1.6564,1851
1.6621,1852
1.6678,1849
1.6735,1853
1.6792,1852
1.6849,1849
1.6906,1852
1.6963,1850
1.702,1851
1.7077,1852
1.7135,1851
1.7192,1849
1.7249,1852
1.7306,1850
1.7363,1850
1.742,1852
1.7477,1852
1.7534,1853
1.7591,1852
1.7648,1851
1.7706,1853
1.7763,1851
1.782,1850
1.7877,1853
1.7934,1850
1.7991,1849
1.8049,1852
1.8106,1850
1.8163,1851
1.822,1850
1.8277,1852
1.8334,1849
1.8391,1850
1.8448,1851
1.8505,1853
1.8563,1849
1.862,1849
1.8677,1851
1.8734,1849
1.8791,1851
1.8848,1852
1.8905,1850
1.8962,1851
1.9019,1851
1.9076,1851
1.9133,1851
1.919,1854
1.9248,1851
1.9305,1850
1.9362,1850
1.9419,1851
1.9476,1853
1.9533,1852
1.959,1851
1.9647,1852
1.9704,1851
1.9761,1851
1.9818,1852
1.9875,1851
1.9933,1850
1.999,1853
2.0047,1848
2.0104,1852
2.0161,1851
2.0218,1849
2.0275,1853
2.0332,1850
2.0389,1853
2.0446,1852
2.0503,1850
2.0561,1854
2.0618,1853
2.0675,1849
2.0732,1852
2.0789,1853
2.0846,1851
2.0903,1852
2.096,1851
2.1017,1852
2.1074,1850
2.1131,1852
2.1188,1851
2.1245,1850
2.1303,1851
2.136,1849
2.1417,1851
2.1474,1854
2.1531,1849
2.1588,1850
2.1645,1852
2.1702,1852
2.1759,1850
2.1816,1851
2.1873,1848
2.193,1849
2.1987,1853
2.2045,1851
2.2102,1851
2.2159,1855
2.2216,1852
2.2273,1854
2.233,1850
2.2387,1851
2.2444,1851
2.2501,1853
2.2558,1853
2.2615,1849
2.2672,1850
2.273,1854
2.2787,1851
2.2844,1853
2.2901,1851
2.2958,1851
2.3015,1853
2.3072,1851
2.3129,1850
2.3186,1851
2.3243,1851
2.33,1850
2.3357,1850
2.3415,1853
2.3472,1852
2.3529,1852
2.3586,1852
2.3643,1850
2.37,1853
2.3757,1852
2.3814,1850
2.3871,1852
2.3928,1854
2.3985,1849
2.4042,1851
2.41,1852
2.4157,1852
2.4214,1848
2.4271,1850
2.4328,1851
2.4385,1850
2.4442,1849
2.4499,1851
2.4556,1852
2.4613,1851
2.4671,1852
2.4728,1854
2.4785,1850
2.4842,1853
2.4899,1852
2.4956,1854
2.5013,1850
2.507,1854
2.5128,1851
2.5185,1851
2.5242,1852
2.5299,1850
2.5356,1849
2.5413,1850
2.547,1851
2.5527,1852
2.5584,1850
2.5641,1851
2.5698,1853
2.5755,1849
2.5812,1852
2.587,1852
2.5927,1853
2.5984,1849
2.6041,1852
2.6098,1852
2.6155,1851
2.6212,1853
2.6269,1853
2.6326,1850
2.6383,1849
2.644,1854
2.6497,1851
2.6555,1851
2.6612,1852
2.6669,1852
2.6726,1849
2.6783,1850
2.684,1851
2.6897,1850
2.6954,1850
2.7011,1850
2.7068,1852
2.7125,1853
2.7182,1851
2.7239,1853
2.7296,1853
2.7354,1852
2.7411,1853
2.7468,1850
2.7525,1852
2.7582,1853
2.7639,1850
2.7696,1850
2.7753,1851
2.781,1850
2.7867,1854
2.7924,1851
2.7981,1850
2.8038,1853
2.8095,1852
2.8153,1850
2.821,1852
2.8267,1852
2.8324,1854
2.8381,1849
2.8438,1851
2.8495,1852
2.8552,1850
2.8609,1852
2.8667,1854
2.8724,1851
2.8781,1848
2.8838,1850
2.8895,1850
2.8952,1854
2.9009,1851
2.9066,1849
2.9123,1853
2.918,1851
2.9237,1850
2.9294,1850
2.9351,1854
2.9409,1849
2.9466,1852
2.9523,1851
2.958,1848
2.9637,1851
2.9694,1851
2.9751,1853
2.9808,1851
2.9865,1850
2.9922,1851
2.998,1854
3.0037,1848
3.0094,1848
3.0151,1852
3.0208,1851
3.0265,1852
3.0322,1852
3.0379,1850
3.0436,1853
3.0493,1852
3.0551,1853
3.0608,1852
3.0665,1848
3.0722,1851
3.0779,1852
3.0836,1851
3.0893,1853
3.095,1851
3.1007,1853
3.1064,1852
3.1121,1850
3.1178,1852
3.1235,1852
3.1292,1850
3.1349,1852
3.1406,1852
3.1464,1847
3.1521,1850
3.1578,1854
3.1635,1853
3.1692,1847
3.1749,1852
3.1806,1851
3.1863,1851
3.192,1849
3.1977,1852
3.2034,1854
3.2092,1850
3.2149,1851
3.2206,1852
3.2263,1852
3.232,1854
3.2377,1851
3.2434,1852
3.2491,1852
3.2548,1851
3.2605,1854
3.2662,1849
3.2719,1851
3.2776,1852
3.2834,1853
3.2891,1850
3.2948,1848
3.3005,1850
3.3062,1854
3.3119,1855
3.3176,1849
3.3233,1851
3.329,1853
3.3347,1853
3.3404,1852
3.3461,1849
3.3519,1853
3.3576,1851
3.3633,1851
3.369,1851
3.3747,1853
3.3804,1851
3.3861,1852
3.3918,1849
3.3975,1855
3.4032,1851
3.4089,1852
3.4146,1852
3.4203,1851
3.4261,1853
3.4318,1851
3.4375,1850
3.4432,1851
3.4489,1852
3.4546,1851
3.4603,1851
3.466,1852
3.4717,1853
3.4774,1851
3.4831,1849
3.4889,1851
3.4946,1853
3.5003,1850
3.506,1852
3.5117,1852
3.5174,1849
3.5231,1853
3.5288,1851
3.5345,1852
3.5402,1851
3.5459,1852
3.5516,1850
3.5573,1852
3.563,1850
3.5688,1853
3.5745,1853
3.5802,1850
3.5859,1852
3.5916,1851
3.5973,1850
3.603,1854
3.6087,1850
3.6144,1852
3.6201,1852
3.6258,1851
3.6315,1851
3.6372,1852
3.6429,1852
3.6487,1851
3.6544,1851
3.6601,1850
3.6658,1851
3.6715,1849
3.6772,1850
3.6829,1850
3.6886,1853
3.6943,1852
3.7,1850
3.7057,1851
3.7114,1853
3.7172,1853
3.7229,1849
3.7286,1851
3.7343,1852
3.74,1853
3.7457,1853
3.7514,1852
3.7571,1852
3.7628,1850
3.7685,1852
3.7743,1853
3.78,1851
3.7857,1850
3.7914,1853
3.7971,1852
3.8028,1852
3.8085,1851
3.8142,1850
3.8199,1854
3.8257,1851
3.8314,1850
3.8371,1853
3.8428,1853
3.8485,1853
3.8542,1850
3.8599,1849
3.8656,1851
3.8713,1854
3.877,1851
3.8827,1850
3.8884,1851
3.8942,1851
3.8999,1852
3.9056,1852
3.9113,1853
3.917,1851
3.9227,1849
3.9284,1854
3.9341,1855
3.9398,1850
3.9455,1851
3.9513,1851
3.957,1853
3.9627,1850
3.9684,1851
3.9741,1851
3.9798,1852
3.9855,1849
3.9912,1847
3.9969,1850
4.0026,1853
4.0084,1851
4.0141,1849
4.0198,1851
4.0255,1852
4.0312,1851
4.0369,1849
4.0426,1850
4.0483,1852
4.054,1852
4.0597,1851
4.0654,1851
4.0712,1851
4.0769,1848
4.0826,1851
4.0883,1853
4.094,1850
4.0997,1853
4.1054,1852
4.1111,1851
4.1168,1853
4.1225,1851
4.1282,1850
4.134,1849
4.1397,1853
4.1454,1849
4.1511,1850
4.1568,1852
4.1625,1852
4.1682,1854
4.1739,1852
4.1796,1852
4.1854,1852
4.1911,1852
4.1968,1852
4.2025,1851
4.2082,1851
4.2139,1852
4.2196,1848
4.2253,1850
4.231,1852
4.2367,1852
4.2424,1850
4.2481,1851
4.2539,1851
4.2596,1854
4.2653,1852
4.271,1852
4.2767,1851
4.2824,1853
4.2881,1849
4.2938,1850
4.2995,1853
4.3052,1854
4.3109,1850
4.3166,1853
4.3224,1852
4.3281,1850
4.3338,1849
4.3395,1850
4.3452,1853
4.3509,1853
4.3566,1851
4.3623,1853
4.368,1853
4.3737,1852
4.3794,1851
4.3851,1853
4.3909,1849
4.3966,1854
4.4023,1853
4.408,1853
4.4137,1851
4.4194,1852
4.4251,1850
4.4308,1851
4.4365,1852
4.4422,1854
4.4479,1850
4.4536,1850
4.4594,1854
4.4651,1851
4.4708,1851
4.4765,1853
4.4822,1851
4.4879,1852
4.4936,1853
4.4993,1849
4.505,1852
4.5107,1851
4.5164,1849
4.5221,1855
4.5279,1851
4.5336,1851
4.5393,1851
4.545,1851
4.5507,1853
4.5564,1849
4.5621,1851
4.5678,1854
4.5735,1852
4.5792,1848
4.5849,1850
4.5906,1851
4.5964,1851
4.6021,1853
4.6078,1849
4.6135,1852
4.6192,1852
4.6249,1851
4.6306,1851
4.6363,1853
4.642,1851
4.6477,1848
4.6534,1850
4.6591,1852
4.6648,1850
4.6705,1853
4.6763,1848
4.682,1849
4.6877,1853
4.6934,1852
4.6991,1852
4.7048,1854
4.7105,1851
4.7162,1852
4.7219,1852
4.7276,1850
4.7333,1854
4.739,1853
4.7447,1850
4.7505,1854
4.7562,1851
4.7619,1852
4.7676,1853
4.7733,1851
4.779,1850
4.7847,1852
4.7904,1851
4.7961,1850
4.8018,1848
4.8075,1851
4.8133,1853
4.819,1848
4.8247,1850
4.8304,1851
4.8361,1851
4.8418,1851
4.8475,1851
4.8532,1854
4.8589,1848
4.8646,1852
4.8703,1854
4.8761,1850
4.8818,1849
4.8875,1850
4.8932,1853
4.8989,1849
4.9046,1849
4.9103,1853
4.916,1851
4.9217,1850
4.9274,1851
4.9331,1852
4.9388,1851
4.9445,1850
4.9502,1853
4.956,1851
4.9617,1851
4.9674,1852
4.9731,1849
4.9788,1848
4.9845,1854
4.9902,1850
4.9959,1852
5.0016,1852
5.0073,1850
5.013,1849
5.0188,1852
5.0245,1849
5.0302,1852
5.0359,1852
5.0416,1852
5.0473,1854
5.053,1850
5.0587,1850
5.0644,1851
5.0701,1853
5.0758,1849
5.0815,1852
5.0873,1851
5.093,1849
5.0987,1850
5.1044,1854
5.1101,1854
5.1158,1851
5.1215,1849
5.1272,1851
5.1329,1852
5.1386,1853
5.1443,1851
5.15,1852
5.1557,1853
5.1614,1849
5.1671,1850
5.1729,1854
5.1786,1852
5.1843,1852
5.19,1851
5.1957,1851
5.2014,1853
5.2071,1851
5.2128,1850
5.2185,1853
5.2242,1850
5.2299,1853
5.2356,1852
5.2414,1847
5.2471,1851
5.2528,1852
5.2585,1851
5.2642,1852
5.2699,1850
5.2756,1853
5.2813,1851
5.287,1852
5.2927,1854
5.2984,1852
5.3042,1850
5.3099,1852
5.3156,1851
5.3213,1849
5.327,1853
5.3327,1851
5.3384,1851
5.3441,1854
5.3498,1850
5.3556,1850
5.3613,1850
5.367,1853
5.3727,1852
5.3784,1850
5.3841,1854
5.3898,1849
5.3955,1854
5.4012,1852
5.4069,1851
5.4126,1853
5.4183,1852
5.4241,1854
5.4298,1853
5.4355,1851
5.4412,1850
5.4469,1850
5.4526,1852
5.4583,1850
5.464,1852
5.4697,1851
5.4754,1852
5.4812,1850
5.4869,1853
5.4926,1852
5.4983,1850
5.504,1852
5.5097,1851
5.5154,1850
5.5211,1851
5.5268,1853
5.5325,1848
5.5382,1853
5.5439,1851
5.5497,1851
5.5554,1853
5.5611,1850
5.5668,1852
5.5725,1852
5.5782,1848
5.5839,1850
5.5896,1853
5.5953,1850
5.601,1850
5.6067,1851
5.6124,1852
5.6182,1852
5.6239,1851
5.6296,1853
5.6353,1849
5.641,1853
5.6467,1849
5.6524,1852
5.6581,1849
5.6638,1852
5.6695,1850
5.6752,1849
5.6809,1854
5.6866,1853
5.6924,1850
5.6981,1851
5.7038,1852
5.7095,1852
5.7152,1852
5.7209,1848
5.7266,1850
5.7323,1854
5.738,1849
5.7437,1853
5.7494,1851
5.7551,1853
5.7608,1853
5.7665,1851
5.7723,1849
5.778,1852
5.7837,1852
5.7894,1853
5.7951,1853
5.8008,1853
5.8065,1850
5.8122,1851
5.8179,1853
5.8236,1850
5.8293,1851
5.835,1853
5.8407,1852
5.8465,1850
5.8522,1852
5.8579,1851
5.8636,1853
5.8693,1853
5.875,1852
5.8807,1849
5.8864,1851
5.8921,1852
5.8978,1850
5.9036,1853
5.9093,1854
5.915,1854
5.9207,1849
5.9264,1850
5.9321,1851
5.9378,1852
5.9435,1850
5.9493,1852
5.955,1851
5.9607,1849
5.9664,1853
5.9721,1852
5.9778,1851
5.9835,1853
5.9892,1852
5.9949,1850
6.0006,1852
6.0063,1854
6.0121,1853
6.0178,1854
6.0235,1851
6.0292,1851
6.0349,1851
6.0406,1851
6.0463,1850
6.052,1851
6.0577,1853
6.0634,1849
6.0691,1850
6.0748,1853
6.0805,1848
6.0863,1849
6.092,1853
6.0977,1851
6.1034,1851
6.1091,1852
6.1148,1851
6.1205,1852
6.1262,1852
6.1319,1849
6.1376,1852
6.1433,1851
6.149,1853
6.1548,1853
6.1605,1852
6.1662,1849
6.1719,1851
6.1776,1852
6.1833,1854
6.189,1851
6.1947,1850
6.2004,1851
6.2061,1850
6.2118,1851
6.2176,1852
6.2233,1850
6.229,1851
6.2347,1852
6.2404,1852
6.2461,1849
6.2518,1849
6.2575,1853
6.2632,1851
6.2689,1850
6.2747,1854
6.2804,1848
6.2861,1850
6.2918,1854
6.2975,1852
6.3032,1851
6.3089,1853
6.3146,1848
6.3203,1850
6.326,1853
6.3317,1852
6.3374,1853
6.3431,1850
6.3489,1850
6.3546,1852
6.3603,1853
6.366,1850
6.3717,1851
6.3774,1852
6.3831,1850
6.3888,1853
6.3945,1848
6.4002,1850
6.4059,1852
6.4116,1851
6.4174,1848
6.4231,1850
6.4288,1852
6.4345,1851
6.4402,1850
6.4459,1852
6.4516,1850
6.4573,1849
6.463,1849
6.4687,1853
6.4744,1854
6.4802,1851
6.4859,1849
6.4916,1849
6.4973,1848
6.503,1851
6.5087,1852
6.5144,1853
6.5201,1852
6.5258,1853
6.5315,1851
6.5372,1850
6.5429,1854
6.5486,1851
6.5544,1851
6.5601,1851
6.5658,1849
6.5715,1851
6.5772,1854
6.5829,1851
6.5886,1851
6.5943,1854
6.6,1848
6.6057,1851
6.6114,1853
6.6171,1849
6.6229,1851
6.6286,1851
6.6343,1852
6.64,1852
6.6457,1851
6.6514,1849
6.6571,1850
6.6628,1852
6.6685,1852
6.6742,1851
6.6799,1849
6.6856,1853
6.6914,1853
6.6971,1849
6.7028,1849
6.7085,1854
6.7142,1852
6.7199,1852
6.7256,1853
6.7313,1849
6.737,1851
6.7428,1854
6.7485,1850
6.7542,1854
6.7599,1850
6.7656,1848
6.7713,1854
6.777,1850
6.7827,1851
6.7884,1851
6.7941,1852
6.7998,1849
6.8056,1848
6.8113,1851
6.817,1849
6.8227,1851
6.8284,1852
6.8341,1850
6.8398,1854
6.8455,1851
6.8512,1848
6.8569,1853
6.8627,1850
6.8684,1851
6.8741,1854
6.8798,1851
6.8855,1850
6.8912,1849
6.8969,1852
6.9026,1854
6.9083,1851
6.914,1850
6.9197,1853
6.9254,1854
6.9311,1848
6.9368,1852
6.9426,1855
6.9483,1851
6.954,1850
6.9597,1853
6.9654,1849
6.9711,1850
6.9768,1854
6.9825,1854
6.9882,1848
6.9939,1850
6.9996,1852
7.0053,1852
7.0111,1850
7.0168,1853
7.0225,1850
7.0282,1849
7.0339,1853
7.0396,1854
7.0453,1853
7.051,1848
7.0567,1852
7.0624,1854
7.0682,1851
7.0739,1852
7.0796,1849
7.0853,1849
7.091,1852
7.0967,1853
7.1024,1852
7.1082,1852
7.1139,1852
7.1196,1853
7.1253,1849
7.131,1854
7.1367,1851
7.1424,1848
7.1481,1852
7.1538,1853
7.1595,1851
7.1652,1849
7.1709,1853
7.1767,1852
7.1824,1848
7.1881,1850
7.1938,1853
7.1995,1852
7.2052,1852
7.2109,1850
7.2166,1855
7.2223,1852
7.228,1851
7.2337,1854
7.2394,1850
7.2452,1853
7.2509,1852
7.2566,1850
7.2623,1851
7.268,1852
7.2737,1849
7.2794,1847
7.2851,1850
7.2908,1851
7.2965,1850
7.3022,1852
7.3079,1851
7.3137,1852
7.3194,1853
7.3251,1848
7.3308,1851
7.3365,1853
7.3422,1851
7.3479,1850
7.3536,1850
7.3593,1852
7.365,1851
7.3707,1852
7.3765,1854
7.3822,1853
7.3879,1851
7.3936,1850
7.3993,1853
7.405,1854
7.4107,1851
7.4164,1852
7.4221,1852
7.4278,1850
7.4335,1851
7.4392,1852
7.445,1851
7.4507,1853
7.4564,1851
7.4621,1850
7.4678,1851
7.4735,1852
7.4792,1850
7.4849,1853
7.4906,1850
7.4963,1851
7.502,1854
7.5077,1852
7.5134,1854
7.5192,1850
7.5249,1849
7.5306,1852
7.5363,1851
7.542,1849
7.5477,1851
7.5534,1853
7.5591,1853
7.5648,1851
7.5705,1853
7.5762,1853
7.5819,1851
7.5876,1853
7.5933,1850
7.5991,1849
7.6048,1853
7.6105,1852
7.6162,1850
7.6219,1853
7.6276,1852
7.6333,1850
7.639,1852
7.6447,1855
7.6504,1849
7.6561,1849
7.6618,1852
7.6675,1853
7.6733,1849
7.679,1850
7.6847,1856
7.6904,1853
7.6961,1848
7.7018,1852
7.7075,1853
7.7132,1850
7.7189,1851
7.7246,1853
7.7304,1852
7.7361,1853
7.7418,1850
7.7475,1852
7.7532,1852
7.7589,1850
7.7646,1852
7.7703,1852
7.776,1849
7.7817,1852
7.7874,1853
7.7931,1849
7.7989,1852
7.8046,1850
7.8103,1852
7.816,1853
7.8217,1850
7.8274,1853
7.8331,1853
7.8388,1850
7.8445,1849
7.8503,1853
7.856,1853
7.8617,1850
7.8674,1850
7.8731,1852
7.8788,1850
7.8845,1850
7.8902,1851
7.8959,1851
7.9016,1851
7.9073,1850
7.913,1851
7.9187,1850
7.9245,1853
7.9302,1851
7.9359,1851
7.9416,1851
7.9473,1849
7.953,1852
7.9587,1849
7.9644,1850
7.9701,1852
7.9758,1856
7.9815,1851
7.9873,1849
7.993,1850
7.9987,1850
8.0044,1851
8.0101,1851
8.0158,1852
8.0215,1852
8.0272,1850
8.0329,1850
8.0386,1852
8.0444,1853
8.0501,1851
8.0558,1854
8.0615,1851
8.0672,1851
8.0729,1852
8.0786,1849
8.0843,1849
8.09,1853
8.0957,1853
8.1014,1851
8.1071,1850
8.1129,1854
8.1186,1847
8.1243,1850
8.13,1853
8.1357,1853
8.1414,1850
8.1471,1851
8.1528,1853
8.1585,1852
8.1642,1850
8.1699,1855
8.1757,1852
8.1814,1849
8.1871,1851
8.1928,1850
8.1985,1848
8.2042,1853
8.2099,1851
8.2156,1852
8.2213,1851
8.227,1851
8.2328,1849
8.2385,1853
8.2442,1855
8.2499,1851
8.2556,1852
8.2613,1854
8.267,1851
8.2727,1849
8.2784,1850
8.2841,1851
8.2898,1852
8.2955,1850
8.3012,1850
8.3069,1853
8.3127,1850
8.3184,1850
8.3241,1852
8.3298,1852
8.3355,1853
8.3412,1853
8.3469,1852
8.3526,1849
8.3583,1852
8.364,1852
8.3697,1852
8.3754,1850
8.3812,1852
8.3869,1851
8.3926,1852
8.3983,1852
8.404,1853
8.4097,1851
8.4154,1850
8.4211,1854
8.4268,1853
8.4325,1851
8.4382,1851
8.4439,1851
8.4496,1852
8.4554,1852
8.4611,1850
8.4668,1852
8.4725,1852
8.4782,1851
8.4839,1850
8.4896,1851
8.4953,1851
8.501,1851
8.5067,1852
8.5124,1851
8.5181,1849
8.5239,1852
8.5296,1852
8.5353,1851
8.541,1850
8.5467,1849
8.5524,1854
8.5581,1853
8.5638,1852
8.5695,1852
8.5752,1849
8.5809,1853
8.5866,1854
8.5924,1850
8.5981,1852
8.6038,1854
8.6095,1850
8.6152,1851
8.6209,1852
8.6266,1850
8.6323,1852
8.638,1850
8.6437,1850
8.6494,1852
8.6551,1852
8.6609,1853
8.6666,1850
8.6723,1852
8.678,1853
8.6837,1851
8.6894,1850
8.6951,1852
8.7008,1853
8.7065,1851
8.7122,1851
8.7179,1854
8.7236,1848
8.7293,1848
8.7351,1853
8.7408,1853
8.7465,1849
8.7522,1853
8.7579,1853
8.7636,1854
8.7693,1850
8.775,1849
8.7807,1854
8.7864,1853
8.7921,1851
8.7978,1854
8.8036,1851
8.8093,1850
8.815,1853
8.8207,1851
8.8264,1852
8.8321,1849
8.8378,1854
8.8435,1851
8.8492,1852
8.8549,1852
8.8606,1853
8.8663,1850
8.872,1852
8.8778,1853
8.8835,1850
8.8892,1850
8.8949,1853
8.9006,1852
8.9063,1851
8.912,1853
8.9177,1853
8.9234,1851
8.9291,1851
8.9348,1852
8.9405,1851
8.9463,1852
8.952,1853
8.9577,1851
8.9634,1853
8.9691,1851
8.9748,1851
8.9805,1854
8.9862,1850
8.9919,1852
8.9976,1851
9.0033,1851
9.009,1855
9.0147,1848
9.0205,1852
9.0262,1852
9.0319,1851
9.0376,1850
9.0433,1854
9.049,1850
9.0547,1851
9.0604,1853
9.0661,1850
9.0718,1851
9.0776,1851
9.0833,1850
9.089,1851
9.0947,1853
9.1004,1849
9.1061,1851
9.1118,1852
9.1175,1849
9.1232,1851
9.1289,1854
9.1346,1850
9.1403,1851
9.146,1852
9.1518,1848
9.1575,1851
9.1632,1852
9.1689,1850
9.1746,1851
9.1803,1853
9.186,1850
9.1917,1852
9.1974,1853
9.2031,1852
9.2088,1851
9.2145,1850
9.2203,1852
9.226,1849
9.2317,1852
9.2374,1851
9.2431,1851
9.2488,1853
9.2545,1851
9.2602,1849
9.2659,1850
9.2716,1853
9.2774,1851
9.2831,1851
9.2888,1850
9.2945,1850
9.3002,1853
9.3059,1849
9.3116,1851
9.3173,1854
9.323,1849
9.3287,1849
9.3344,1852
9.3401,1851
9.3459,1853
9.3516,1852
9.3573,1855
9.363,1851
9.3687,1851
9.3744,1853
9.3801,1852
9.3858,1850
9.3915,1853
9.3972,1850
9.4029,1851
9.4087,1852
9.4144,1851
9.4201,1852
9.4258,1852
9.4315,1852
9.4372,1852
9.4429,1855
9.4486,1849
9.4543,1848
9.4601,1851
9.4658,1850
9.4715,1850
9.4772,1853
9.4829,1850
9.4886,1850
9.4943,1851
9.5,1852
9.5057,1849
9.5114,1853
9.5171,1851
9.5229,1852
9.5286,1852
9.5343,1850
9.54,1851
9.5457,1853
9.5514,1851
9.5571,1854
9.5628,1852
9.5685,1850
9.5742,1855
9.5799,1853
9.5857,1851
9.5914,1850
9.5971,1852
9.6028,1850
9.6085,1850
9.6142,1853
9.6199,1853
9.6256,1851
9.6313,1850
9.6371,1853
9.6428,1852
9.6485,1852
9.6542,1853
9.6599,1850
9.6656,1852
9.6713,1851
9.677,1849
9.6827,1852
9.6884,1851
9.6941,1850
9.6998,1852
9.7055,1851
9.7112,1850
9.7169,1852
9.7227,1849
9.7284,1850
9.7341,1852
9.7398,1852
9.7455,1851
9.7512,1853
9.7569,1850
9.7626,1851
9.7683,1852
9.774,1852
9.7797,1851
9.7854,1852
9.7911,1851
9.7969,1852
9.8026,1853
9.8083,1850
9.814,1853
9.8197,1851
9.8254,1851
9.8311,1849
9.8368,1851
9.8426,1852
9.8483,1851
9.854,1849
9.8597,1854
9.8654,1853
9.8711,1851
9.8768,1853
9.8825,1852
9.8882,1851
9.8939,1854
9.8996,1850
9.9053,1854
9.9111,1852
9.9168,1851
9.9225,1853
9.9282,1850
9.9339,1852
9.9396,1853
9.9453,1852
9.951,1850
9.9567,1851
9.9624,1854
9.9681,1848
9.9738,1852
9.9796,1854
9.9853,1849
9.991,1853
9.9967,1852
10.0024,1851
10.0081,1853
10.0138,1853
10.0195,1850
10.0252,1848
10.0309,1853
10.0366,1851
10.0424,1851
10.0481,1852
10.0538,1850
10.0595,1848
10.0652,1852
10.0709,1852
10.0766,1849
10.0823,1851
10.088,1851
10.0937,1851
10.0994,1853
10.1051,1852
10.1108,1850
10.1166,1852
10.1223,1853
10.128,1851
10.1337,1850
10.1394,1851
10.1451,1854
10.1508,1851
10.1565,1854
10.1622,1849
10.1679,1849
10.1737,1848
10.1794,1853
10.1851,1853
10.1908,1850
10.1965,1854
10.2022,1848
10.2079,1850
10.2136,1852
10.2193,1850
10.2251,1853
10.2308,1853
10.2365,1848
10.2422,1847
10.2479,1852
10.2536,1853
10.2593,1850
10.265,1850
10.2707,1854
10.2764,1851
10.2821,1850
10.2878,1853
10.2936,1850
10.2993,1852
10.305,1852
10.3107,1850
10.3164,1852
10.3221,1851
10.3278,1851
10.3335,1852
10.3392,1852
10.3449,1852
10.3506,1852
10.3564,1849
10.3621,1850
10.3678,1853
10.3735,1851
10.3792,1849
10.3849,1851
10.3906,1850
10.3963,1850
10.402,1851
10.4077,1853
10.4134,1851
10.4192,1850
10.4249,1853
10.4306,1852
10.4363,1854
10.442,1851
10.4477,1850
10.4534,1850
10.4591,1852
10.4648,1849
10.4705,1851
10.4762,1853
10.482,1849
10.4877,1849
10.4934,1854
10.4991,1853
10.5048,1847
10.5105,1852
10.5162,1851
10.5219,1849
10.5276,1850
10.5333,1852
10.539,1851
10.5447,1849
10.5504,1853
10.5562,1849
10.5619,1855
10.5676,1854
10.5733,1850
10.579,1854
10.5847,1853
10.5904,1851
10.5961,1854
10.6018,1852
10.6075,1851
10.6132,1851
10.6189,1853
10.6246,1850
10.6304,1854
10.6361,1851
10.6418,1852
10.6475,1849
10.6532,1849
10.6589,1852
10.6646,1851
10.6703,1852
10.676,1851
10.6817,1853
10.6874,1852
10.6932,1852
10.6989,1851
10.7046,1851
10.7103,1854
10.716,1851
10.7217,1855
10.7274,1851
10.7331,1849
10.7388,1851
10.7445,1854
10.7503,1849
10.756,1847
10.7617,1852
10.7674,1852
10.7731,1849
10.7788,1852
10.7845,1853
10.7902,1850
10.7959,1851
10.8016,1854
10.8073,1851
10.813,1852
10.8188,1851
10.8245,1851
10.8302,1849
10.8359,1852
10.8416,1849
10.8473,1853
10.853,1852
10.8587,1849
10.8644,1851
10.8701,1852
10.8758,1853
10.8815,1851
10.8873,1850
10.893,1852
10.8987,1851
10.9044,1853
10.9101,1852
10.9158,1849
10.9215,1852
10.9272,1853
10.9329,1848
10.9386,1853
10.9443,1850
10.95,1854
10.9557,1850
10.9615,1850
10.9672,1854
10.9729,1851
10.9786,1853
10.9843,1853
10.99,1853
10.9957,1851
11.0014,1849
11.0071,1853
11.0128,1853
11.0185,1851
11.0242,1855
11.03,1852
11.0357,1853
11.0414,1851
11.0471,1853
11.0528,1850
11.0585,1854
11.0642,1852
11.0699,1852
11.0756,1850
11.0813,1852
11.087,1851
11.0928,1849
11.0985,1852
11.1042,1855
11.1099,1850
11.1156,1852
11.1213,1854
11.127,1850
11.1327,1852
11.1384,1850
11.1441,1851
11.1498,1855
11.1555,1850
11.1613,1851
11.167,1852
11.1727,1850
11.1784,1852
11.1841,1850
11.1898,1849
11.1955,1854
11.2012,1850
11.2069,1853
11.2126,1850
11.2183,1848
11.224,1852
11.2298,1851
11.2355,1850
11.2412,1852
11.2469,1855
11.2526,1851
11.2583,1849
11.264,1851
11.2697,1850
11.2754,1850
11.2811,1852
11.2868,1851
11.2925,1852
11.2982,1850
11.3039,1854
11.3097,1850
11.3154,1851
11.3211,1853
11.3268,1849
11.3325,1852
11.3382,1851
11.3439,1854
11.3496,1853
11.3553,1850
11.361,1851
11.3667,1852
11.3725,1850
11.3782,1849
11.3839,1853
11.3896,1851
11.3953,1854
11.401,1849
11.4067,1852
11.4124,1854
11.4181,1850
11.4238,1853
11.4295,1852
11.4352,1852
11.4409,1853
11.4467,1852
11.4524,1849
11.4581,1851
11.4638,1854
11.4695,1849
11.4752,1848
11.4809,1854
11.4866,1851
11.4923,1850
11.498,1853
11.5037,1849
11.5094,1849
11.5151,1855
11.5208,1849
11.5266,1853
11.5323,1849
11.538,1851
11.5437,1853
11.5494,1850
11.5551,1852
11.5608,1850
11.5665,1849
11.5722,1852
11.5779,1853
11.5837,1851
11.5894,1853
11.5951,1853
11.6008,1851
11.6065,1854
11.6122,1853
11.6179,1849
11.6236,1850
11.6293,1854
11.635,1848
11.6407,1852
11.6464,1853
11.6522,1848
11.6579,1850
11.6636,1853
11.6693,1852
11.675,1851
11.6807,1852
11.6864,1850
11.6921,1852
11.6978,1850
11.7035,1851
11.7092,1851
11.7149,1852
11.7207,1849
11.7264,1851
11.7321,1853
11.7378,1849
11.7435,1851
11.7492,1853
11.7549,1850
11.7606,1849
11.7663,1850
11.772,1851
11.7777,1850
11.7834,1852
11.7892,1849
11.7949,1852
11.8006,1853
11.8063,1849
11.812,1851
11.8177,1852
11.8234,1849
11.8291,1852
11.8348,1851
11.8405,1852
11.8462,1852
11.8519,1850
11.8577,1851
11.8634,1854
11.8691,1851
11.8748,1849
11.8805,1849
11.8862,1853
11.8919,1850
11.8976,1853
11.9033,1850
11.909,1850
11.9147,1856
11.9205,1851
11.9262,1850
11.9319,1850
11.9376,1855
11.9433,1853
11.949,1852
11.9547,1853
11.9604,1851
11.9661,1850
11.9718,1851
11.9775,1853
11.9833,1852
11.989,1852
11.9947,1853
12.0004,1851
12.0061,1853
12.0118,1854
12.0175,1850
12.0232,1849
12.0289,1854
12.0346,1850
12.0403,1849
12.046,1853
12.0517,1850
12.0575,1850
12.0632,1853
12.0689,1848
12.0746,1853
12.0803,1852
12.086,1846
12.0917,1851
12.0974,1852
12.1031,1850
12.1088,1853
12.1145,1854
12.1202,1850
12.1259,1847
12.1316,1848
12.1374,1855
12.1431,1850
12.1488,1851
12.1545,1853
12.1602,1852
12.1659,1853
12.1716,1852
12.1773,1854
12.183,1850
12.1887,1854
12.1944,1850
12.2001,1849
12.2058,1851
12.2116,1853
12.2173,1852
12.223,1851
12.2287,1853
12.2344,1850
12.2401,1851
12.2458,1855
12.2515,1849
12.2572,1846
12.2629,1852
12.2686,1853
12.2744,1850
12.2801,1849
12.2858,1853
12.2915,1854
12.2972,1849
12.3029,1851
12.3086,1850
12.3143,1848
12.32,1853
12.3257,1850
12.3314,1852
12.3371,1853
12.3428,1852
12.3486,1852
12.3543,1854
12.36,1850
12.3657,1852
12.3714,1851
12.3771,1850
12.3828,1853
12.3885,1849
12.3942,1852
12.3999,1855
12.4056,1849
12.4113,1853
12.4171,1852
12.4228,1851
12.4285,1851
12.4342,1853
12.4399,1849
12.4456,1850
12.4513,1856
12.457,1852
12.4627,1852
12.4684,1850
12.4741,1854
12.4798,1853
12.4856,1850
12.4913,1851
12.497,1855
12.5027,1847
12.5084,1852
12.5141,1851
12.5198,1850
12.5255,1850
12.5312,1852
12.5369,1850
12.5426,1851
12.5483,1853
12.5541,1848
12.5598,1853
12.5655,1852
12.5712,1851
12.5769,1853
12.5826,1851
12.5883,1852
12.594,1854
12.5997,1850
12.6054,1853
12.6112,1853
12.6169,1850
12.6226,1855
12.6283,1854
12.634,1850
12.6397,1852
12.6454,1853
12.6511,1851
12.6568,1849
12.6625,1853
12.6682,1850
12.674,1851
12.6797,1854
12.6854,1851
12.6911,1851
12.6968,1851
12.7025,1854
12.7082,1851
12.7139,1852
12.7196,1851
12.7253,1851
12.731,1850
12.7367,1852
12.7425,1852
12.7482,1850
12.7539,1852
12.7596,1853
12.7653,1852
12.771,1851
12.7767,1852
12.7824,1852
12.7881,1849
12.7938,1851
12.7996,1854
12.8053,1850
12.811,1850
12.8167,1853
12.8224,1852
12.8281,1850
12.8338,1853
12.8395,1851
12.8452,1853
12.8509,1850
12.8566,1851
12.8623,1852
12.8681,1849
12.8738,1850
12.8795,1852
12.8852,1850
12.8909,1852
12.8966,1852
12.9023,1849
12.908,1853
12.9137,1854
12.9194,1848
12.9252,1850
12.9309,1854
12.9366,1849
12.9423,1852
12.948,1852
12.9537,1850
12.9594,1850
12.9651,1853
12.9708,1851
12.9765,1853
12.9822,1853
12.9879,1851
12.9936,1850
12.9993,1852
13.0051,1850
13.0108,1852
13.0165,1853
13.0222,1853
13.0279,1850
13.0336,1852
13.0393,1850
13.045,1852
13.0507,1851
13.0565,1852
13.0622,1853
13.0679,1850
13.0736,1852
13.0793,1855
13.085,1850
13.0907,1851
13.0964,1853
13.1021,1849
13.1078,1851
13.1136,1851
13.1193,1849
13.125,1852
13.1307,1852
13.1364,1849
13.1421,1853
13.1478,1851
13.1535,1850
13.1592,1850
13.1649,1849
13.1706,1852
13.1763,1853
13.1821,1849
13.1878,1849
13.1935,1854
13.1992,1851
13.2049,1849
13.2106,1853
13.2163,1851
13.222,1852
13.2277,1852
13.2334,1851
13.2391,1852
13.2448,1853
13.2505,1848
13.2563,1849
13.262,1853
13.2677,1853
13.2734,1850
13.2791,1850
13.2848,1854
13.2905,1850
13.2962,1847
13.3019,1850
13.3076,1854
13.3133,1849
13.319,1849
13.3248,1853
13.3305,1852
13.3362,1850
13.3419,1851
13.3476,1853
13.3533,1850
13.359,1849
13.3647,1854
13.3704,1851
13.3761,1848
13.3818,1851
13.3875,1853
13.3932,1847
13.3989,1850
13.4047,1852
13.4104,1852
13.4161,1851
13.4218,1852
13.4275,1852
13.4332,1848
13.4389,1849
13.4446,1853
13.4503,1851
13.456,1850
13.4617,1851
13.4674,1852
13.4731,1848
13.4789,1853
13.4846,1850
13.4903,1852
13.496,1852
13.5017,1850
13.5074,1854
13.5131,1853
13.5188,1849
13.5245,1850
13.5302,1853
13.536,1851
13.5417,1850
13.5474,1853
13.5531,1854
13.5588,1850
13.5645,1852
13.5702,1850
13.5759,1848
13.5816,1852
13.5874,1854
13.5931,1851
13.5988,1852
13.6045,1854
13.6102,1854
13.6159,1852
13.6216,1850
13.6273,1852
13.633,1852
13.6387,1848
13.6444,1851
13.6501,1853
13.6558,1850
13.6615,1852
13.6673,1851
13.673,1850
13.6787,1851
13.6844,1855
13.6901,1851
13.6958,1852
13.7015,1851
13.7072,1850
13.7129,1854
13.7186,1852
13.7243,1850
13.7301,1852
13.7358,1851
13.7415,1851
13.7472,1852
13.7529,1849
13.7586,1854
13.7643,1850
13.77,1850
13.7757,1852
13.7814,1850
13.7871,1851
13.7929,1853
13.7986,1849
13.8043,1849
13.81,1854
13.8157,1851
13.8214,1852
13.8271,1855
13.8328,1850
13.8385,1853
13.8442,1854
13.8499,1850
13.8556,1850
13.8614,1852
13.8671,1849
13.8728,1851
13.8785,1851
13.8842,1851
13.8899,1852
13.8956,1852
13.9013,1851
13.907,1854
13.9127,1852
13.9184,1851
13.9242,1854
13.9299,1851
13.9356,1852
13.9413,1853
13.947,1852
13.9527,1851
13.9584,1853
13.9641,1851
13.9698,1848
13.9755,1852
13.9812,1853
13.9869,1850
13.9927,1851
13.9984,1853
14.0041,1849
14.0098,1854
14.0155,1849
14.0212,1850
14.0269,1852
14.0326,1852
14.0383,1849
14.044,1850
14.0497,1853
14.0554,1849
14.0612,1852
14.0669,1851
14.0726,1853
14.0783,1853
14.084,1849
14.0897,1849
14.0954,1852
14.1011,1854
14.1068,1851
14.1125,1850
14.1182,1853
14.1239,1851
14.1296,1851
14.1354,1852
14.1411,1849
14.1468,1854
14.1525,1851
14.1582,1853
14.1639,1851
14.1696,1848
14.1753,1852
14.181,1854
14.1867,1851
14.1924,1852
14.1981,1852
14.2038,1849
14.2096,1850
14.2153,1853
14.221,1849
14.2267,1850
14.2324,1854
14.2381,1851
14.2438,1850
14.2495,1853
14.2552,1851
14.2609,1850
14.2666,1853
14.2723,1849
14.278,1852
14.2838,1850
14.2895,1851
14.2952,1852
14.3009,1851
14.3066,1850
14.3123,1854
14.318,1850
14.3237,1852
14.3294,1851
14.3351,1850
14.3408,1851
14.3465,1851
14.3523,1851
14.358,1851
14.3637,1852
14.3694,1854
14.3751,1850
14.3808,1852
14.3865,1849
14.3922,1853
14.3979,1851
14.4036,1851
14.4093,1851
14.415,1852
14.4208,1851
14.4265,1850
14.4322,1852
14.4379,1851
14.4436,1850
14.4493,1853
14.455,1853
14.4607,1849
14.4664,1853
14.4721,1849
14.4778,1850
14.4835,1853
14.4893,1851
14.495,1850
14.5007,1854
14.5064,1850
14.5121,1852
14.5178,1852
14.5235,1849
14.5292,1849
14.5349,1853
14.5406,1852
14.5464,1850
14.5521,1851
14.5578,1851
14.5635,1851
14.5692,1853
14.5749,1852
14.5806,1848
14.5863,1852
14.592,1852
14.5977,1848
14.6034,1851
14.6092,1853
14.6149,1850
14.6206,1851
14.6263,1854
14.632,1850
14.6377,1851
14.6434,1852
14.6491,1849
14.6548,1851
14.6605,1851
14.6662,1849
14.6719,1854
14.6777,1848
14.6834,1850
14.6891,1854
14.6948,1851
14.7005,1853
14.7062,1852
14.7119,1848
14.7176,1851
14.7233,1852
14.729,1848
14.7347,1852
14.7404,1855
14.7461,1851
14.7519,1851
14.7576,1852
14.7633,1852
14.769,1849
14.7747,1853
14.7804,1850
14.7861,1851
14.7918,1852
14.7975,1851
14.8032,1852
14.8089,1853
14.8146,1851
14.8204,1849
14.8261,1851
14.8318,1852
14.8375,1850
14.8432,1850
14.8489,1853
14.8546,1851
14.8603,1853
14.866,1855
14.8717,1852
14.8774,1853
14.8831,1854
14.8888,1849
14.8945,1852
14.9002,1854
14.906,1848
14.9117,1854
14.9174,1853
14.9231,1851
14.9288,1853
14.9345,1852
14.9402,1851
14.9459,1855
14.9516,1849
14.9573,1850
14.963,1853
14.9688,1849
14.9745,1852
14.9802,1854
14.9859,1852
14.9916,1852
14.9973,1852
15.003,1851
15.0087,1854
15.0144,1852
15.0202,1849
15.0259,1849
15.0316,1852
15.0373,1850
15.043,1853
15.0487,1852
15.0544,1854
15.0601,1850
15.0658,1850
15.0715,1853
15.0773,1850
15.083,1850
15.0887,1853
15.0944,1853
15.1001,1850
15.1058,1851
15.1115,1853
15.1172,1851
15.1229,1851
15.1286,1855
15.1343,1850
15.14,1850
15.1458,1852
15.1515,1850
15.1572,1850
15.1629,1854
15.1686,1852
15.1743,1850
15.18,1851
15.1857,1853
15.1914,1849
15.1971,1851
15.2028,1853
15.2086,1848
15.2143,1849
15.22,1853
15.2257,1851
15.2314,1852
15.2371,1850
15.2428,1852
15.2485,1852
15.2542,1849
15.2599,1851
15.2656,1852
15.2714,1850
15.2771,1854
15.2828,1851
15.2885,1851
15.2942,1856
15.2999,1851
15.3056,1851
15.3113,1852
15.317,1849
15.3227,1850
15.3284,1853
15.3341,1849
15.3398,1854
15.3456,1851
15.3513,1850
15.357,1853
15.3627,1854
15.3684,1851
15.3741,1854
15.3798,1851
15.3855,1851
15.3912,1852
15.3969,1851
15.4026,1851
15.4083,1851
15.4141,1853
15.4198,1849
15.4255,1849
15.4312,1853
15.4369,1849
15.4426,1851
15.4483,1851
15.454,1850
15.4597,1853
15.4654,1852
15.4711,1850
15.4768,1851
15.4825,1854
15.4883,1850
15.494,1853
15.4997,1852
15.5054,1851
15.5111,1851
15.5168,1851
15.5225,1851
15.5282,1852
15.5339,1849
15.5396,1850
15.5453,1853
15.551,1852
15.5568,1851
15.5625,1853
15.5682,1851
15.5739,1848
15.5796,1852
15.5853,1851
15.591,1848
15.5967,1851
15.6024,1850
15.6081,1849
15.6138,1855
15.6196,1851
15.6253,1849
15.631,1854
15.6367,1855
15.6424,1850
15.6481,1850
15.6538,1855
15.6595,1850
15.6652,1848
15.6709,1854
15.6766,1849
15.6823,1852
15.688,1855
15.6937,1849
15.6994,1849
15.7052,1852
15.7109,1853
15.7166,1851
15.7223,1853
15.728,1854
15.7337,1849
15.7394,1853
15.7451,1850
15.7508,1851
15.7565,1853
15.7622,1853
15.7679,1852
15.7736,1851
15.7794,1849
15.7851,1853
15.7908,1852
15.7965,1850
15.8022,1852
15.8079,1851
15.8136,1849
15.8193,1852
15.825,1852
15.8307,1848
15.8364,1850
15.8422,1854
15.8479,1853
15.8536,1848
15.8593,1851
15.865,1852
15.8707,1850
15.8764,1854
15.8821,1852
15.8878,1852
15.8935,1853
15.8992,1850
15.9049,1852
15.9106,1854
15.9164,1851
15.9221,1855
15.9278,1848
15.9335,1852
15.9392,1852
15.9449,1850
15.9506,1852
15.9563,1852
15.962,1850
15.9677,1851
15.9734,1851
15.9792,1849
15.9849,1853
15.9906,1850
15.9963,1849
16.002,1851
16.0077,1853
16.0134,1854
16.0191,1851
16.0248,1854
16.0305,1850
16.0362,1851
16.0419,1854
16.0477,1850
16.0534,1851
16.0591,1853
16.0648,1851
16.0705,1850
16.0762,1855
16.0819,1851
16.0876,1853
16.0933,1853
16.099,1850
16.1047,1854
16.1104,1855
16.1161,1849
16.1219,1852
16.1276,1854
16.1333,1850
16.139,1851
16.1447,1854
16.1504,1849
16.1561,1854
16.1618,1850
16.1675,1846
16.1732,1852
16.1789,1852
16.1847,1851
16.1904,1854
16.1961,1852
16.2018,1852
16.2075,1852
16.2132,1850
16.2189,1851
16.2246,1853
16.2303,1847
16.2361,1851
16.2418,1854
16.2475,1850
16.2532,1855
16.2589,1851
16.2646,1851
16.2703,1852
16.276,1853
16.2817,1848
16.2874,1849
16.2932,1853
16.2989,1853
16.3046,1851
16.3103,1852
16.316,1851
16.3217,1853
16.3274,1849
16.3331,1851
16.3388,1850
16.3445,1851
16.3502,1851
16.356,1851
16.3617,1853
16.3674,1852
16.3731,1850
16.3788,1852
16.3845,1855
16.3902,1851
16.3959,1849
16.4016,1851
16.4073,1852
16.413,1848
16.4187,1853
16.4244,1854
16.4302,1851
16.4359,1853
16.4416,1851
16.4473,1853
16.453,1849
16.4587,1851
16.4644,1853
16.4701,1853
16.4758,1849
16.4816,1848
16.4873,1851
16.493,1852
16.4987,1853
16.5044,1854
16.5101,1848
16.5158,1850
16.5215,1854
16.5272,1852
16.5329,1850
16.5386,1852
16.5443,1852
16.5501,1852
16.5558,1851
16.5615,1850
16.5672,1850
16.5729,1852
16.5786,1852
16.5843,1852
16.59,1851
16.5957,1851
16.6014,1854
16.6072,1851
16.6129,1852
16.6186,1852
16.6243,1851
16.63,1853
16.6357,1853
16.6414,1850
16.6471,1851
16.6528,1852
16.6585,1850
16.6642,1849
16.6699,1851
16.6757,1852
16.6814,1850
16.6871,1852
16.6928,1851
16.6985,1852
16.7042,1852
16.7099,1848
16.7156,1854
16.7213,1853
16.727,1850
16.7328,1851
16.7385,1852
16.7442,1852
16.7499,1853
16.7556,1849
16.7613,1851
16.767,1855
16.7727,1851
16.7784,1852
16.7841,1850
16.7898,1850
16.7955,1852
16.8013,1849
16.807,1851
16.8127,1853
16.8184,1852
16.8241,1851
16.8298,1853
16.8355,1851
16.8412,1852
16.8469,1851
16.8526,1853
16.8583,1849
16.864,1852
16.8698,1852
16.8755,1849
16.8812,1855
16.8869,1851
16.8926,1850
16.8983,1852
16.904,1854
16.9097,1849
16.9154,1854
16.9211,1854
16.9268,1850
16.9325,1852
16.9383,1853
16.944,1847
16.9497,1851
16.9554,1852
16.9611,1850
16.9668,1852
