0.0004,2046
0.003,2046
0.0061,2035
0.0119,2005
0.0177,1984
0.0235,1962
0.0292,1948
0.035,1949
0.0407,1948
0.0464,1953
0.0521,1951
0.0578,1951
0.0635,1951
0.0692,1952
0.0749,1949
0.0806,1948
0.0864,1949
0.0921,1952
0.0978,1950
0.1035,1951
0.1092,1951
0.1149,1949
0.1206,1948
0.1263,1951
0.132,1952
0.1377,1953
0.1434,1950
0.1491,1951
0.1549,1951
0.1606,1950
0.1663,1949
0.172,1950
0.1777,1949
0.1834,1954
0.1891,1952
0.1948,1950
0.2005,1950
0.2062,1948
0.2119,1949
0.2176,1950
0.2233,1951
0.2291,1949
0.2348,1951
0.2405,1952
0.2462,1952
0.2519,1951
0.2576,1950
0.2633,1949
0.269,1952
0.2747,1951
0.2804,1949
0.2861,1949
0.2918,1949
0.2976,1949
0.3033,1951
0.309,1949
0.3147,1950
0.3204,1950
0.3261,1950
0.3318,1952
0.3375,1950
0.3432,1951
0.3489,1950
0.3546,1951
0.3604,1951
0.3661,1949
0.3718,1951
0.3775,1953
0.3832,1952
0.3889,1950
0.3946,1950
0.4003,1951
0.406,1949
0.4117,1950
0.4174,1950
0.4232,1951
0.4289,1949
0.4346,1950
0.4403,1949
0.446,1950
0.4517,1952
0.4574,1950
0.4631,1948
0.4688,1950
0.4745,1950
0.4802,1950
0.4859,1951
0.4917,1950
0.4974,1951
0.5031,1951
0.5088,1951
0.5145,1950
0.5202,1951
0.5259,1950
0.5316,1950
0.5373,1952
0.543,1951
0.5487,1949
0.5544,1950
0.5602,1949
0.5659,1950
0.5716,1953
0.5773,1951
0.583,1951
0.5887,1949
0.5944,1951
0.6001,1950
0.6058,1952
0.6115,1949
0.6172,1950
0.6229,1949
0.6287,1951
0.6344,1947
0.6401,1950
0.6458,1949
0.6515,1952
0.6572,1950
0.6629,1950
0.6686,1952
0.6743,1950
0.6801,1951
0.6858,1950
0.6915,1951
0.6972,1949
0.7029,1950
0.7086,1952
0.7143,1949
0.72,1951
0.7257,1951
0.7314,1949
0.7371,1952
0.7429,1950
0.7486,1949
0.7543,1950
0.76,1949
0.7657,1951
0.7714,1951
0.7771,1949
0.7828,1950
0.7885,1949
0.7942,1951
0.7999,1949
0.8057,1951
0.8114,1950
0.8171,1951
0.8228,1949
0.8285,1952
0.8342,1952
0.8399,1950
0.8456,1948
0.8513,1949
0.857,1951
0.8627,1949
0.8684,1950
0.8741,1948
0.8799,1951
0.8856,1950
0.8913,1950
0.897,1949
0.9027,1950
0.9084,1949
0.9141,1949
0.9198,1952
0.9255,1952
0.9312,1948
0.9369,1950
0.9426,1952
0.9483,1949
0.9541,1948
0.9598,1949
0.9655,1951
0.9712,1951
0.9769,1950
0.9826,1952
0.9883,1951
0.994,1949
0.9997,1951
1.0055,1947
1.0112,1950
1.0169,1951
1.0226,1950
1.0283,1951
1.034,1952
1.0397,1950
1.0454,1951
1.0511,1949
1.0568,1950
1.0625,1949
1.0682,1950
1.074,1949
1.0797,1951
1.0854,1950
1.0911,1950
1.0968,1948
1.1025,1950
1.1082,1949
1.1139,1948
1.1196,1948
1.1254,1951
1.1311,1951
1.1368,1949
1.1425,1950
1.1482,1950
1.1539,1953
1.1596,1951
1.1653,1948
1.171,1949
1.1767,1950
1.1824,1950
1.1882,1950
1.1939,1947
1.1996,1951
1.2053,1950
1.211,1951
1.2167,1950
1.2224,1950
1.2281,1951
1.2338,1950
1.2395,1950
1.2452,1950
1.251,1950
1.2567,1951
1.2624,1950
1.2681,1950
1.2738,1952
1.2795,1949
1.2853,1950
1.291,1951
1.2967,1951
1.3024,1948
1.3081,1951
1.3138,1950
1.3195,1949
1.3252,1949
1.3309,1953
1.3366,1950
1.3423,1951
1.348,1949
1.3538,1949
1.3595,1952
1.3652,1952
1.3709,1950
1.3766,1950
1.3823,1951
1.388,1950
1.3937,1951
1.3994,1950
1.4051,1949
1.4108,1953
1.4166,1950
1.4223,1950
1.428,1951
1.4337,1952
1.4394,1949
1.4451,1950
1.4508,1951
1.4565,1950
1.4622,1951
1.468,1950
1.4737,1949
1.4794,1950
1.4851,1949
1.4908,1952
1.4965,1953
1.5022,1949
1.508,1953
1.5137,1949
1.5194,1951
1.5251,1951
1.5308,1950
1.5365,1949
1.5422,1951
1.5479,1949
1.5536,1950
1.5593,1951
1.565,1950
1.5708,1949
1.5765,1951
1.5822,1950
1.5879,1951
1.5936,1951
1.5993,1949
1.605,1950
1.6107,1950
1.6164,1949
1.6221,1948
1.6278,1949
1.6335,1951
1.6392,1951
1.6449,1951
1.6507,1949
1.6564,1949
1.6621,1951
1.6678,1948
1.6735,1951
1.6792,1951
1.6849,1951
1.6906,1950
1.6963,1952
1.702,1949
1.7077,1952
1.7135,1949
1.7192,1950
1.7249,1950
1.7306,1950
1.7363,1948
1.742,1950
1.7477,1949
1.7534,1952
1.7591,1948
1.7648,1950
1.7706,1950
1.7763,1950
1.782,1951
1.7877,1951
1.7934,1951
1.7991,1947
1.8049,1949
1.8106,1950
1.8163,1949
1.822,1950
1.8277,1950
1.8334,1949
1.8391,1951
1.8448,1950
1.8505,1951
1.8563,1950
1.862,1951
1.8677,1949
1.8734,1952
1.8791,1950
1.8848,1951
1.8905,1950
1.8962,1952
1.9019,1949
1.9076,1950
1.9133,1951
1.919,1951
1.9248,1949
1.9305,1948
1.9362,1950
1.9419,1951
1.9476,1952
1.9533,1952
1.959,1949
1.9647,1950
1.9704,1950
1.9761,1950
1.9818,1949
1.9875,1950
1.9933,1949
1.999,1951
2.0047,1949
2.0104,1950
2.0161,1950
2.0218,1951
2.0275,1950
2.0332,1951
2.0389,1949
2.0446,1950
2.0503,1949
2.0561,1950
2.0618,1950
2.0675,1950
2.0732,1951
2.0789,1950
2.0846,1950
2.0903,1951
2.096,1950
2.1017,1951
2.1074,1949
2.1131,1949
2.1188,1948
2.1245,1950
2.1303,1950
2.136,1951
2.1417,1951
2.1474,1951
2.1531,1949
2.1588,1949
2.1645,1951
2.1702,1950
2.1759,1951
2.1816,1950
2.1873,1953
2.193,1950
2.1987,1950
2.2045,1950
2.2102,1950
2.2159,1950
2.2216,1951
2.2273,1951
2.233,1948
2.2387,1950
2.2444,1951
2.2501,1950
2.2558,1950
2.2615,1952
2.2672,1951
2.273,1951
2.2787,1952
2.2844,1952
2.2901,1949
2.2958,1947
2.3015,1951
2.3072,1948
2.3129,1950
2.3186,1949
2.3243,1951
2.33,1950
2.3357,1950
2.3415,1952
2.3472,1951
2.3529,1950
2.3586,1948
2.3643,1951
2.37,1951
2.3757,1951
2.3814,1950
2.3871,1950
2.3928,1952
2.3985,1951
2.4042,1951
2.41,1950
2.4157,1950
2.4214,1950
2.4271,1951
2.4328,1950
2.4385,1949
2.4442,1951
2.4499,1951
2.4556,1948
2.4613,1952
2.4671,1950
2.4728,1949
2.4785,1949
2.4842,1949
2.4899,1952
2.4956,1951
2.5013,1950
2.507,1950
2.5128,1950
2.5185,1952
2.5242,1948
2.5299,1951
2.5356,1949
2.5413,1948
2.547,1952
2.5527,1947
2.5584,1949
2.5641,1952
2.5698,1950
2.5755,1949
2.5812,1950
2.587,1949
2.5927,1950
2.5984,1951
2.6041,1951
2.6098,1952
2.6155,1950
2.6212,1950
2.6269,1949
2.6326,1951
2.6383,1950
2.644,1951
2.6497,1949
2.6555,1946
2.6612,1950
2.6669,1951
2.6726,1950
2.6783,1950
2.684,1949
2.6897,1950
2.6954,1949
2.7011,1949
2.7068,1950
2.7125,1950
2.7182,1949
2.7239,1950
2.7296,1950
2.7354,1950
2.7411,1952
2.7468,1949
2.7525,1950
2.7582,1950
2.7639,1951
2.7696,1950
2.7753,1950
2.781,1951
2.7867,1950
2.7924,1950
2.7981,1949
2.8038,1951
2.8095,1947
2.8153,1948
2.821,1950
2.8267,1950
2.8324,1947
2.8381,1950
2.8438,1948
2.8495,1951
2.8552,1952
2.8609,1949
2.8667,1950
2.8724,1949
2.8781,1950
2.8838,1953
2.8895,1951
2.8952,1951
2.9009,1949
2.9066,1949
2.9123,1950
2.918,1950
2.9237,1951
2.9294,1951
2.9351,1948
2.9409,1951
2.9466,1950
2.9523,1949
2.958,1951
2.9637,1949
2.9694,1949
2.9751,1951
2.9808,1952
2.9865,1951
2.9922,1951
2.998,1951
3.0037,1951
3.0094,1949
3.0151,1952
3.0208,1949
3.0265,1950
3.0322,1950
3.0379,1950
3.0436,1949
3.0493,1949
3.0551,1951
3.0608,1948
3.0665,1951
3.0722,1950
3.0779,1949
3.0836,1952
3.0893,1951
3.095,1951
3.1007,1950
3.1064,1950
3.1121,1950
3.1178,1952
3.1235,1951
3.1292,1949
3.1349,1950
3.1406,1949
3.1464,1948
3.1521,1952
3.1578,1951
3.1635,1951
3.1692,1949
3.1749,1950
3.1806,1952
3.1863,1949
3.192,1950
3.1977,1951
3.2034,1951
3.2092,1950
3.2149,1950
3.2206,1949
3.2263,1951
3.232,1951
3.2377,1951
3.2434,1951
3.2491,1950
3.2548,1952
3.2605,1952
3.2662,1950
3.2719,1950
3.2776,1950
3.2834,1953
3.2891,1950
3.2948,1949
3.3005,1949
3.3062,1950
3.3119,1952
3.3176,1951
3.3233,1950
3.329,1949
3.3347,1948
3.3404,1951
3.3461,1948
3.3519,1951
3.3576,1950
3.3633,1951
3.369,1951
3.3747,1951
3.3804,1951
3.3861,1950
3.3918,1948
3.3975,1950
3.4032,1950
3.4089,1951
3.4146,1949
3.4203,1950
3.4261,1948
3.4318,1951
3.4375,1951
3.4432,1950
3.4489,1949
3.4546,1949
3.4603,1950
3.466,1950
3.4717,1950
3.4774,1951
3.4831,1952
3.4889,1951
3.4946,1950
3.5003,1949
3.506,1951
3.5117,1951
3.5174,1951
3.5231,1950
3.5288,1951
3.5345,1952
3.5402,1950
3.5459,1951
3.5516,1950
3.5573,1951
3.563,1950
3.5688,1952
3.5745,1951
3.5802,1951
3.5859,1950
3.5916,1951
3.5973,1949
3.603,1949
3.6087,1949
3.6144,1950
3.6201,1951
3.6258,1950
3.6315,1950
3.6372,1950
3.6429,1952
3.6487,1950
3.6544,1952
3.6601,1949
3.6658,1948
3.6715,1948
3.6772,1948
3.6829,1950
3.6886,1951
3.6943,1949
3.7,1950
3.7057,1951
3.7114,1950
3.7172,1950
3.7229,1949
3.7286,1950
3.7343,1951
3.74,1950
3.7457,1950
3.7514,1950
3.7571,1952
3.7628,1950
3.7685,1951
3.7743,1950
3.78,1950
3.7857,1950
3.7914,1950
3.7971,1950
3.8028,1948
3.8085,1950
3.8142,1950
3.8199,1952
3.8257,1950
3.8314,1949
3.8371,1950
3.8428,1949
3.8485,1947
3.8542,1951
3.8599,1951
3.8656,1951
3.8713,1951
3.877,1951
3.8827,1949
3.8884,1952
3.8942,1949
3.8999,1951
3.9056,1949
3.9113,1948
3.917,1949
3.9227,1949
3.9284,1949
3.9341,1951
3.9398,1951
3.9455,1949
3.9513,1950
3.957,1949
3.9627,1949
3.9684,1950
3.9741,1951
3.9798,1950
3.9855,1952
3.9912,1948
3.9969,1952
4.0026,1950
4.0084,1951
4.0141,1950
4.0198,1951
4.0255,1950
4.0312,1950
4.0369,1950
4.0426,1951
4.0483,1951
4.054,1949
4.0597,1950
4.0654,1950
4.0712,1951
4.0769,1952
4.0826,1951
4.0883,1950
4.094,1953
4.0997,1949
4.1054,1952
4.1111,1949
4.1168,1950
4.1225,1950
4.1282,1950
4.134,1951
4.1397,1949
4.1454,1951
4.1511,1950
4.1568,1951
4.1625,1952
4.1682,1950
4.1739,1949
4.1796,1951
4.1854,1947
4.1911,1950
4.1968,1950
4.2025,1948
4.2082,1949
4.2139,1949
4.2196,1949
4.2253,1950
4.231,1949
4.2367,1948
4.2424,1951
4.2481,1950
4.2539,1949
4.2596,1949
4.2653,1952
4.271,1950
4.2767,1949
4.2824,1950
4.2881,1950
4.2938,1949
4.2995,1951
4.3052,1950
4.3109,1950
4.3166,1951
4.3224,1948
4.3281,1948
4.3338,1951
4.3395,1950
4.3452,1950
4.3509,1951
4.3566,1948
4.3623,1952
4.368,1949
4.3737,1950
4.3794,1951
4.3851,1949
4.3909,1949
4.3966,1950
4.4023,1951
4.408,1951
4.4137,1954
4.4194,1951
4.4251,1952
4.4308,1953
4.4365,1950
4.4422,1950
4.4479,1950
4.4536,1949
4.4594,1952
4.4651,1950
4.4708,1951
4.4765,1950
4.4822,1950
4.4879,1949
4.4936,1950
4.4993,1950
4.505,1949
4.5107,1951
4.5164,1950
4.5221,1950
4.5279,1952
4.5336,1951
4.5393,1949
4.545,1951
4.5507,1951
4.5564,1951
4.5621,1950
4.5678,1951
4.5735,1951
4.5792,1949
4.5849,1949
4.5906,1951
4.5964,1951
4.6021,1951
4.6078,1951
4.6135,1951
4.6192,1951
4.6249,1951
4.6306,1951
4.6363,1949
4.642,1950
4.6477,1948
4.6534,1952
4.6591,1951
4.6648,1952
4.6705,1951
4.6763,1949
4.682,1950
4.6877,1950
4.6934,1951
4.6991,1950
4.7048,1951
4.7105,1951
4.7162,1950
4.7219,1949
4.7276,1949
4.7333,1949
4.739,1950
4.7447,1951
4.7505,1951
4.7562,1949
4.7619,1948
4.7676,1949
4.7733,1952
4.779,1949
4.7847,1949
4.7904,1950
4.7961,1950
4.8018,1949
4.8075,1950
4.8133,1950
4.819,1953
4.8247,1951
4.8304,1950
4.8361,1949
4.8418,1951
4.8475,1951
4.8532,1951
4.8589,1950
4.8646,1950
4.8703,1952
4.8761,1951
4.8818,1949
4.8875,1951
4.8932,1950
4.8989,1950
4.9046,1949
4.9103,1950
4.916,1951
4.9217,1951
4.9274,1952
4.9331,1950
4.9388,1950
4.9445,1951
4.9502,1952
4.956,1949
4.9617,1951
4.9674,1951
4.9731,1950
4.9788,1952
4.9845,1949
4.9902,1949
4.9959,1951
5.0016,1950
5.0073,1951
5.013,1950
5.0188,1951
5.0245,1950
5.0302,1950
5.0359,1950
5.0416,1951
5.0473,1949
5.053,1950
5.0587,1950
5.0644,1950
5.0701,1951
5.0758,1947
5.0815,1951
5.0873,1950
5.093,1949
5.0987,1950
5.1044,1952
5.1101,1950
5.1158,1950
5.1215,1951
5.1272,1951
5.1329,1951
5.1386,1952
5.1443,1948
5.15,1950
5.1557,1950
5.1614,1949
5.1671,1949
5.1729,1950
5.1786,1951
5.1843,1949
5.19,1950
5.1957,1952
5.2014,1950
5.2071,1950
5.2128,1950
5.2185,1949
5.2242,1948
5.2299,1948
5.2356,1951
5.2414,1951
5.2471,1950
5.2528,1950
5.2585,1952
5.2642,1950
5.2699,1952
5.2756,1951
5.2813,1949
5.287,1950
5.2927,1950
5.2984,1951
5.3042,1949
5.3099,1951
5.3156,1950
5.3213,1949
5.327,1950
5.3327,1948
5.3384,1950
5.3441,1951
5.3498,1950
5.3556,1951
5.3613,1949
5.367,1948
5.3727,1951
5.3784,1950
5.3841,1952
5.3898,1952
5.3955,1952
5.4012,1949
5.4069,1950
5.4126,1951
5.4183,1952
5.4241,1950
5.4298,1950
5.4355,1950
5.4412,1949
5.4469,1950
5.4526,1951
5.4583,1953
5.464,1948
5.4697,1951
5.4754,1950
5.4812,1947
5.4869,1951
5.4926,1951
5.4983,1952
5.504,1950
5.5097,1950
5.5154,1951
5.5211,1951
5.5268,1951
5.5325,1949
5.5382,1950
5.5439,1948
5.5497,1950
5.5554,1949
5.5611,1950
5.5668,1951
5.5725,1950
5.5782,1949
5.5839,1949
5.5896,1950
5.5953,1951
5.601,1952
5.6067,1952
5.6124,1950
5.6182,1951
5.6239,1953
5.6296,1951
5.6353,1949
5.641,1948
5.6467,1950
5.6524,1950
5.6581,1950
5.6638,1950
5.6695,1950
5.6752,1947
5.6809,1951
5.6866,1951
5.6924,1951
5.6981,1951
5.7038,1950
5.7095,1951
5.7152,1950
5.7209,1949
5.7266,1951
5.7323,1953
5.738,1949
5.7437,1952
5.7494,1950
5.7551,1950
5.7608,1950
5.7665,1951
5.7723,1949
5.778,1951
5.7837,1950
5.7894,1952
5.7951,1952
5.8008,1949
5.8065,1950
5.8122,1948
5.8179,1951
5.8236,1950
5.8293,1950
5.835,1950
5.8407,1950
5.8465,1950
5.8522,1950
5.8579,1951
5.8636,1952
5.8693,1949
5.875,1949
5.8807,1951
5.8864,1952
5.8921,1949
5.8978,1950
5.9036,1951
5.9093,1951
5.915,1950
5.9207,1949
5.9264,1950
5.9321,1951
5.9378,1950
5.9435,1949
5.9493,1950
5.955,1951
5.9607,1951
5.9664,1950
5.9721,1951
5.9778,1951
5.9835,1952
5.9892,1952
5.9949,1950
6.0006,1950
6.0063,1951
6.0121,1950
6.0178,1949
6.0235,1951
6.0292,1952
6.0349,1950
6.0406,1950
6.0463,1950
6.052,1949
6.0577,1949
6.0634,1948
6.0691,1950
6.0748,1950
6.0805,1951
6.0863,1952
6.092,1950
6.0977,1951
6.1034,1950
6.1091,1952
6.1148,1950
6.1205,1949
6.1262,1950
6.1319,1952
6.1376,1949
6.1433,1951
6.149,1949
6.1548,1949
6.1605,1949
6.1662,1949
6.1719,1952
6.1776,1951
6.1833,1952
6.189,1949
6.1947,1952
6.2004,1950
6.2061,1949
6.2118,1949
6.2176,1952
6.2233,1951
6.229,1949
6.2347,1950
6.2404,1951
6.2461,1949
6.2518,1950
6.2575,1949
6.2632,1948
6.2689,1950
6.2747,1950
6.2804,1951
6.2861,1951
6.2918,1950
6.2975,1951
6.3032,1950
6.3089,1951
6.3146,1949
6.3203,1948
6.326,1949
6.3317,1950
6.3374,1953
6.3431,1950
6.3489,1950
6.3546,1949
6.3603,1952
6.366,1950
6.3717,1950
6.3774,1951
6.3831,1950
6.3888,1951
6.3945,1952
6.4002,1952
6.4059,1951
6.4116,1951
6.4174,1951
6.4231,1951
6.4288,1951
6.4345,1950
6.4402,1947
6.4459,1949
6.4516,1950
6.4573,1951
6.463,1951
6.4687,1951
6.4744,1953
6.4802,1948
6.4859,1948
6.4916,1951
6.4973,1950
6.503,1947
6.5087,1947
6.5144,1949
6.5201,1950
6.5258,1950
6.5315,1951
6.5372,1950
6.5429,1950
6.5486,1949
6.5544,1950
6.5601,1949
6.5658,1950
6.5715,1951
6.5772,1950
6.5829,1950
6.5886,1949
6.5943,1950
6.6,1951
6.6057,1949
6.6114,1950
6.6171,1950
6.6229,1950
6.6286,1950
6.6343,1952
6.64,1950
6.6457,1949
6.6514,1949
6.6571,1948
6.6628,1949
6.6685,1953
6.6742,1950
6.6799,1950
6.6856,1952
6.6914,1950
6.6971,1952
6.7028,1949
6.7085,1951
6.7142,1951
6.7199,1952
6.7256,1950
6.7313,1948
6.737,1951
6.7428,1951
6.7485,1950
6.7542,1950
6.7599,1949
6.7656,1950
6.7713,1949
6.777,1947
6.7827,1950
6.7884,1952
6.7941,1951
6.7998,1949
6.8056,1951
6.8113,1952
6.817,1952
6.8227,1952
6.8284,1951
6.8341,1949
6.8398,1950
6.8455,1950
6.8512,1951
6.8569,1950
6.8627,1949
6.8684,1951
6.8741,1950
6.8798,1950
6.8855,1950
6.8912,1949
6.8969,1951
6.9026,1950
6.9083,1948
6.914,1950
6.9197,1949
6.9254,1951
6.9311,1951
6.9368,1951
6.9426,1949
6.9483,1950
6.954,1951
6.9597,1950
6.9654,1951
6.9711,1948
6.9768,1950
6.9825,1951
6.9882,1949
6.9939,1950
6.9996,1949
7.0053,1949
7.0111,1951
7.0168,1951
7.0225,1950
7.0282,1947
7.0339,1947
7.0396,1951
7.0453,1950
7.051,1952
7.0567,1951
7.0624,1951
7.0682,1950
7.0739,1950
7.0796,1950
7.0853,1953
7.091,1950
7.0967,1949
7.1024,1951
7.1082,1952
7.1139,1950
7.1196,1950
7.1253,1950
7.131,1952
7.1367,1951
7.1424,1951
7.1481,1950
7.1538,1951
7.1595,1949
7.1652,1951
7.1709,1951
7.1767,1951
7.1824,1948
7.1881,1951
7.1938,1950
7.1995,1950
7.2052,1951
7.2109,1950
7.2166,1951
7.2223,1951
7.228,1949
7.2337,1948
7.2394,1950
7.2452,1951
7.2509,1950
7.2566,1952
7.2623,1950
7.268,1950
7.2737,1951
7.2794,1952
7.2851,1950
7.2908,1951
7.2965,1950
7.3022,1950
7.3079,1951
7.3137,1948
7.3194,1951
7.3251,1949
7.3308,1950
7.3365,1949
7.3422,1952
7.3479,1951
7.3536,1949
7.3593,1950
7.365,1950
7.3707,1952
7.3765,1951
7.3822,1950
7.3879,1950
7.3936,1951
7.3993,1952
7.405,1951
7.4107,1950
7.4164,1951
7.4221,1952
7.4278,1951
7.4335,1948
7.4392,1951
7.445,1948
7.4507,1952
7.4564,1952
7.4621,1949
7.4678,1950
7.4735,1950
7.4792,1951
7.4849,1951
7.4906,1950
7.4963,1951
7.502,1951
7.5077,1950
7.5134,1951
7.5192,1951
7.5249,1949
7.5306,1950
7.5363,1950
7.542,1951
7.5477,1951
7.5534,1951
7.5591,1950
7.5648,1951
7.5705,1951
7.5762,1953
7.5819,1951
7.5876,1949
7.5933,1949
7.5991,1949
7.6048,1951
7.6105,1951
7.6162,1951
7.6219,1949
7.6276,1951
7.6333,1952
7.639,1949
7.6447,1951
7.6504,1950
7.6561,1951
7.6618,1952
7.6675,1951
7.6733,1950
7.679,1948
7.6847,1950
7.6904,1950
7.6961,1951
7.7018,1951
7.7075,1951
7.7132,1949
7.7189,1950
7.7246,1949
7.7304,1950
7.7361,1952
7.7418,1951
7.7475,1950
7.7532,1950
7.7589,1951
7.7646,1950
7.7703,1949
7.776,1951
7.7817,1948
7.7874,1950
7.7931,1951
7.7989,1950
7.8046,1951
7.8103,1949
7.816,1951
7.8217,1951
7.8274,1952
7.8331,1952
7.8388,1950
7.8445,1950
7.8503,1948
7.856,1953
7.8617,1950
7.8674,1950
7.8731,1948
7.8788,1950
7.8845,1952
7.8902,1951
7.8959,1951
7.9016,1953
7.9073,1949
7.913,1950
7.9187,1949
7.9245,1952
7.9302,1950
7.9359,1951
7.9416,1948
7.9473,1948
7.953,1951
7.9587,1953
7.9644,1954
7.9701,1951
7.9758,1951
7.9815,1951
7.9873,1951
7.993,1952
7.9987,1951
8.0044,1950
8.0101,1951
8.0158,1951
8.0215,1949
8.0272,1950
8.0329,1951
8.0386,1948
8.0444,1950
8.0501,1950
8.0558,1950
8.0615,1952
8.0672,1951
8.0729,1951
8.0786,1949
8.0843,1950
8.09,1949
8.0957,1948
8.1014,1953
8.1071,1951
8.1129,1951
8.1186,1950
8.1243,1950
8.13,1951
8.1357,1950
8.1414,1949
8.1471,1950
8.1528,1951
8.1585,1952
8.1642,1952
8.1699,1951
8.1757,1949
8.1814,1950
8.1871,1951
8.1928,1951
8.1985,1950
8.2042,1950
8.2099,1949
8.2156,1952
8.2213,1951
8.227,1950
8.2328,1951
8.2385,1951
8.2442,1952
8.2499,1952
8.2556,1950
8.2613,1951
8.267,1952
8.2727,1949
8.2784,1950
8.2841,1951
8.2898,1949
8.2955,1949
8.3012,1950
8.3069,1952
8.3127,1948
8.3184,1949
8.3241,1949
8.3298,1952
8.3355,1950
8.3412,1949
8.3469,1951
8.3526,1951
8.3583,1949
8.364,1950
8.3697,1952
8.3754,1950
8.3812,1950
8.3869,1951
8.3926,1951
8.3983,1951
8.404,1950
8.4097,1949
8.4154,1948
8.4211,1950
8.4268,1952
8.4325,1948
8.4382,1949
8.4439,1951
8.4496,1951
8.4554,1949
8.4611,1952
8.4668,1951
8.4725,1951
8.4782,1949
8.4839,1948
8.4896,1951
8.4953,1950
8.501,1952
8.5067,1952
8.5124,1952
8.5181,1950
8.5239,1949
8.5296,1952
8.5353,1951
8.541,1950
8.5467,1952
8.5524,1951
8.5581,1951
8.5638,1950
8.5695,1950
8.5752,1951
8.5809,1953
8.5866,1951
8.5924,1948
8.5981,1950
8.6038,1950
8.6095,1950
8.6152,1951
8.6209,1952
8.6266,1950
8.6323,1951
8.638,1950
8.6437,1949
8.6494,1949
8.6551,1950
8.6609,1947
8.6666,1951
8.6723,1950
8.678,1951
8.6837,1951
8.6894,1950
8.6951,1950
8.7008,1952
8.7065,1951
8.7122,1948
8.7179,1949
8.7236,1951
8.7293,1950
8.7351,1950
8.7408,1951
8.7465,1950
8.7522,1951
8.7579,1951
8.7636,1949
8.7693,1951
8.775,1950
8.7807,1952
8.7864,1949
8.7921,1951
8.7978,1951
8.8036,1951
8.8093,1952
8.815,1952
8.8207,1950
8.8264,1950
8.8321,1949
8.8378,1949
8.8435,1951
8.8492,1950
8.8549,1947
8.8606,1952
8.8663,1951
8.872,1950
8.8778,1949
8.8835,1951
8.8892,1949
8.8949,1952
8.9006,1949
8.9063,1951
8.912,1952
8.9177,1953
8.9234,1949
8.9291,1950
8.9348,1950
8.9405,1950
8.9463,1949
8.952,1949
8.9577,1951
8.9634,1950
8.9691,1949
8.9748,1951
8.9805,1951
8.9862,1950
8.9919,1952
8.9976,1951
9.0033,1950
9.009,1949
9.0147,1953
9.0205,1949
9.0262,1950
9.0319,1950
9.0376,1949
9.0433,1950
9.049,1950
9.0547,1952
9.0604,1951
9.0661,1950
9.0718,1948
9.0776,1950
9.0833,1950
9.089,1950
9.0947,1952
9.1004,1950
9.1061,1950
9.1118,1950
9.1175,1950
9.1232,1952
9.1289,1952
9.1346,1949
9.1403,1950
9.146,1950
9.1518,1948
9.1575,1951
9.1632,1950
9.1689,1948
9.1746,1951
9.1803,1952
9.186,1952
9.1917,1950
9.1974,1948
9.2031,1950
9.2088,1949
9.2145,1948
9.2203,1950
9.226,1951
9.2317,1950
9.2374,1951
9.2431,1948
9.2488,1951
9.2545,1951
9.2602,1950
9.2659,1950
9.2716,1951
9.2774,1952
9.2831,1950
9.2888,1950
9.2945,1949
9.3002,1951
9.3059,1949
9.3116,1951
9.3173,1951
9.323,1950
9.3287,1950
9.3344,1951
9.3401,1950
9.3459,1951
9.3516,1951
9.3573,1952
9.363,1950
9.3687,1952
9.3744,1946
9.3801,1952
9.3858,1950
9.3915,1950
9.3972,1950
9.4029,1949
9.4087,1949
9.4144,1950
9.4201,1951
9.4258,1949
9.4315,1950
9.4372,1951
9.4429,1951
9.4486,1951
9.4543,1952
9.4601,1950
9.4658,1948
9.4715,1951
9.4772,1950
9.4829,1948
9.4886,1951
9.4943,1950
9.5,1953
9.5057,1952
9.5114,1950
9.5171,1950
9.5229,1951
9.5286,1952
9.5343,1950
9.54,1950
9.5457,1949
9.5514,1949
9.5571,1951
9.5628,1951
9.5685,1950
9.5742,1950
9.5799,1950
9.5857,1951
9.5914,1951
9.5971,1951
9.6028,1950
9.6085,1951
9.6142,1947
9.6199,1951
9.6256,1951
9.6313,1949
9.6371,1949
9.6428,1950
9.6485,1951
9.6542,1950
9.6599,1950
9.6656,1951
9.6713,1953
9.677,1950
9.6827,1950
9.6884,1948
9.6941,1951
9.6998,1950
9.7055,1951
9.7112,1949
9.7169,1952
9.7227,1949
9.7284,1948
9.7341,1950
9.7398,1951
9.7455,1951
9.7512,1951
9.7569,1951
9.7626,1950
9.7683,1950
9.774,1949
9.7797,1950
9.7854,1952
9.7911,1950
9.7969,1950
9.8026,1949
9.8083,1949
9.814,1951
9.8197,1951
9.8254,1950
9.8311,1950
9.8368,1949
9.8426,1950
9.8483,1951
9.854,1951
9.8597,1951
9.8654,1949
9.8711,1952
9.8768,1951
9.8825,1950
9.8882,1951
9.8939,1950
9.8996,1952
9.9053,1950
9.9111,1951
9.9168,1951
9.9225,1950
9.9282,1949
9.9339,1951
9.9396,1950
9.9453,1950
9.951,1950
9.9567,1951
9.9624,1950
9.9681,1950
9.9738,1953
9.9796,1950
9.9853,1952
9.991,1951
9.9967,1952
10.0024,1950
10.0081,1951
10.0138,1949
10.0195,1950
10.0252,1952
10.0309,1952
10.0366,1952
10.0424,1951
10.0481,1949
10.0538,1949
10.0595,1950
10.0652,1950
10.0709,1951
10.0766,1950
10.0823,1949
10.088,1950
10.0937,1950
10.0994,1951
10.1051,1950
10.1108,1951
10.1166,1949
10.1223,1951
10.128,1949
10.1337,1950
10.1394,1952
10.1451,1951
10.1508,1951
10.1565,1953
10.1622,1950
10.1679,1950
10.1737,1950
10.1794,1949
10.1851,1952
10.1908,1951
10.1965,1949
10.2022,1948
10.2079,1950
10.2136,1949
10.2193,1950
10.2251,1950
10.2308,1952
10.2365,1950
10.2422,1949
10.2479,1951
10.2536,1951
10.2593,1950
10.265,1950
10.2707,1948
10.2764,1951
10.2821,1950
10.2878,1950
10.2936,1950
10.2993,1951
10.305,1952
10.3107,1948
10.3164,1949
10.3221,1950
10.3278,1951
10.3335,1950
10.3392,1951
10.3449,1951
10.3506,1950
10.3564,1951
10.3621,1952
10.3678,1953
10.3735,1951
10.3792,1948
10.3849,1950
10.3906,1950
10.3963,1950
10.402,1950
10.4077,1951
10.4134,1950
10.4192,1952
10.4249,1953
10.4306,1950
10.4363,1953
10.442,1949
10.4477,1950
10.4534,1949
10.4591,1950
10.4648,1950
10.4705,1950
10.4762,1949
10.482,1950
10.4877,1950
10.4934,1948
10.4991,1950
10.5048,1949
10.5105,1951
10.5162,1950
10.5219,1952
10.5276,1951
10.5333,1951
10.539,1951
10.5447,1951
10.5504,1953
10.5562,1951
10.5619,1951
10.5676,1951
10.5733,1951
10.579,1950
10.5847,1949
10.5904,1948
10.5961,1951
10.6018,1950
10.6075,1948
10.6132,1949
10.6189,1952
10.6246,1951
10.6304,1952
10.6361,1951
10.6418,1952
10.6475,1949
10.6532,1950
10.6589,1951
10.6646,1951
10.6703,1950
10.676,1951
10.6817,1950
10.6874,1950
10.6932,1949
10.6989,1952
10.7046,1952
10.7103,1948
10.716,1950
10.7217,1951
10.7274,1948
10.7331,1949
10.7388,1950
10.7445,1952
10.7503,1950
10.756,1950
10.7617,1949
10.7674,1952
10.7731,1950
10.7788,1951
10.7845,1951
10.7902,1949
10.7959,1950
10.8016,1952
10.8073,1950
10.813,1949
10.8188,1947
10.8245,1951
10.8302,1952
10.8359,1949
10.8416,1952
10.8473,1952
10.853,1949
10.8587,1951
10.8644,1950
10.8701,1953
10.8758,1953
10.8815,1951
10.8873,1952
10.893,1951
10.8987,1951
10.9044,1949
10.9101,1948
10.9158,1952
10.9215,1950
10.9272,1951
10.9329,1952
10.9386,1951
10.9443,1950
10.95,1949
10.9557,1949
10.9615,1951
10.9672,1951
10.9729,1951
10.9786,1948
10.9843,1951
10.99,1950
10.9957,1952
11.0014,1951
11.0071,1950
11.0128,1951
11.0185,1950
11.0242,1951
11.03,1951
11.0357,1951
11.0414,1948
11.0471,1950
11.0528,1950
11.0585,1950
11.0642,1950
11.0699,1951
11.0756,1950
11.0813,1951
11.087,1951
11.0928,1948
11.0985,1950
11.1042,1948
11.1099,1951
11.1156,1950
11.1213,1950
11.127,1952
11.1327,1952
11.1384,1949
11.1441,1949
11.1498,1950
11.1555,1950
11.1613,1951
11.167,1952
11.1727,1951
11.1784,1952
11.1841,1950
11.1898,1950
11.1955,1950
11.2012,1950
11.2069,1951
11.2126,1948
11.2183,1949
11.224,1947
11.2298,1951
11.2355,1950
11.2412,1950
11.2469,1949
11.2526,1951
11.2583,1952
11.264,1948
11.2697,1950
11.2754,1950
11.2811,1950
11.2868,1952
11.2925,1950
11.2982,1951
11.3039,1952
11.3097,1951
11.3154,1950
11.3211,1951
11.3268,1953
11.3325,1950
11.3382,1952
11.3439,1950
11.3496,1950
11.3553,1950
11.361,1951
11.3667,1947
11.3725,1952
11.3782,1952
11.3839,1950
11.3896,1950
11.3953,1952
11.401,1948
11.4067,1950
11.4124,1951
11.4181,1950
11.4238,1949
11.4295,1949
11.4352,1951
11.4409,1949
11.4467,1952
11.4524,1951
11.4581,1953
11.4638,1950
11.4695,1948
11.4752,1953
11.4809,1951
11.4866,1950
11.4923,1951
11.498,1949
11.5037,1951
11.5094,1952
11.5151,1949
11.5208,1950
11.5266,1949
11.5323,1950
11.538,1950
11.5437,1949
11.5494,1950
11.5551,1949
11.5608,1951
11.5665,1950
11.5722,1951
11.5779,1952
11.5837,1951
11.5894,1949
11.5951,1952
11.6008,1951
11.6065,1951
11.6122,1951
11.6179,1948
11.6236,1950
11.6293,1950
11.635,1950
11.6407,1950
11.6464,1953
11.6522,1953
11.6579,1951
11.6636,1950
11.6693,1950
11.675,1950
11.6807,1951
11.6864,1950
11.6921,1951
11.6978,1950
11.7035,1948
11.7092,1948
11.7149,1951
11.7207,1950
11.7264,1951
11.7321,1950
11.7378,1951
11.7435,1949
11.7492,1948
11.7549,1947
11.7606,1952
11.7663,1952
11.772,1951
11.7777,1950
11.7834,1953
11.7892,1949
11.7949,1952
11.8006,1949
11.8063,1951
11.812,1949
11.8177,1950
11.8234,1949
11.8291,1950
11.8348,1950
11.8405,1950
11.8462,1953
11.8519,1950
11.8577,1949
11.8634,1951
11.8691,1950
11.8748,1951
11.8805,1951
11.8862,1951
11.8919,1950
11.8976,1950
11.9033,1948
11.909,1952
11.9147,1951
11.9205,1952
11.9262,1950
11.9319,1951
11.9376,1952
11.9433,1949
11.949,1950
11.9547,1947
11.9604,1950
11.9661,1951
11.9718,1952
11.9775,1949
11.9833,1950
11.989,1950
11.9947,1952
12.0004,1950
12.0061,1950
12.0118,1951
12.0175,1949
12.0232,1950
12.0289,1951
12.0346,1952
12.0403,1950
12.046,1951
12.0517,1953
12.0575,1951
12.0632,1951
12.0689,1951
12.0746,1952
12.0803,1951
12.086,1950
12.0917,1951
12.0974,1952
12.1031,1949
12.1088,1951
12.1145,1949
12.1202,1951
12.1259,1951
12.1316,1951
12.1374,1950
12.1431,1952
12.1488,1950
12.1545,1952
12.1602,1949
12.1659,1950
12.1716,1949
12.1773,1952
12.183,1952
12.1887,1951
12.1944,1949
12.2001,1950
12.2058,1950
12.2116,1950
12.2173,1951
12.223,1953
12.2287,1950
12.2344,1949
12.2401,1950
12.2458,1948
12.2515,1949
12.2572,1950
12.2629,1952
12.2686,1951
12.2744,1951
12.2801,1949
12.2858,1951
12.2915,1951
12.2972,1951
12.3029,1951
12.3086,1950
12.3143,1949
12.32,1950
12.3257,1949
12.3314,1950
12.3371,1951
12.3428,1950
12.3486,1949
12.3543,1951
12.36,1951
12.3657,1952
12.3714,1950
12.3771,1949
12.3828,1951
12.3885,1949
12.3942,1950
12.3999,1951
12.4056,1950
12.4113,1951
12.4171,1949
12.4228,1949
12.4285,1951
12.4342,1951
12.4399,1952
12.4456,1952
12.4513,1951
12.457,1951
12.4627,1949
12.4684,1951
12.4741,1951
12.4798,1951
12.4856,1951
12.4913,1951
12.497,1951
12.5027,1951
12.5084,1951
12.5141,1952
12.5198,1950
12.5255,1953
12.5312,1950
12.5369,1950
12.5426,1951
12.5483,1949
12.5541,1948
12.5598,1949
12.5655,1948
12.5712,1951
12.5769,1951
12.5826,1950
12.5883,1951
12.594,1950
12.5997,1950
12.6054,1950
12.6112,1951
12.6169,1951
12.6226,1951
12.6283,1952
12.634,1948
12.6397,1949
12.6454,1950
12.6511,1948
12.6568,1953
12.6625,1951
12.6682,1950
12.674,1950
12.6797,1950
12.6854,1952
12.6911,1952
12.6968,1951
12.7025,1952
12.7082,1951
12.7139,1949
12.7196,1950
12.7253,1952
12.731,1951
12.7367,1950
12.7425,1950
12.7482,1949
12.7539,1950
12.7596,1950
12.7653,1951
12.771,1949
12.7767,1949
12.7824,1951
12.7881,1952
12.7938,1951
12.7996,1952
12.8053,1950
12.811,1951
12.8167,1951
12.8224,1950
12.8281,1950
12.8338,1949
12.8395,1950
12.8452,1952
12.8509,1951
12.8566,1950
12.8623,1951
12.8681,1949
12.8738,1950
12.8795,1952
12.8852,1952
12.8909,1950
12.8966,1950
12.9023,1948
12.908,1951
12.9137,1949
12.9194,1951
12.9252,1952
12.9309,1951
12.9366,1949
12.9423,1950
12.948,1951
12.9537,1951
12.9594,1949
12.9651,1949
12.9708,1950
12.9765,1950
12.9822,1950
12.9879,1950
12.9936,1952
12.9993,1951
13.0051,1950
13.0108,1950
13.0165,1952
13.0222,1950
13.0279,1952
13.0336,1950
13.0393,1951
13.045,1951
13.0507,1951
13.0565,1951
13.0622,1952
13.0679,1950
13.0736,1951
13.0793,1952
13.085,1951
13.0907,1951
13.0964,1949
13.1021,1949
13.1078,1951
13.1136,1951
13.1193,1950
13.125,1952
13.1307,1952
13.1364,1949
13.1421,1949
13.1478,1948
13.1535,1949
13.1592,1950
13.1649,1951
13.1706,1950
13.1763,1951
13.1821,1950
13.1878,1954
13.1935,1950
13.1992,1948
13.2049,1948
13.2106,1951
13.2163,1949
13.222,1949
13.2277,1949
13.2334,1950
13.2391,1951
13.2448,1952
13.2505,1950
13.2563,1949
13.262,1950
13.2677,1951
13.2734,1952
13.2791,1950
13.2848,1950
13.2905,1949
13.2962,1948
13.3019,1951
13.3076,1949
13.3133,1952
13.319,1952
13.3248,1950
13.3305,1948
13.3362,1950
13.3419,1951
13.3476,1950
13.3533,1951
13.359,1952
13.3647,1951
13.3704,1951
13.3761,1952
13.3818,1950
13.3875,1952
13.3932,1952
13.3989,1950
13.4047,1952
13.4104,1951
13.4161,1951
13.4218,1951
13.4275,1950
13.4332,1952
13.4389,1949
13.4446,1951
13.4503,1950
13.456,1950
13.4617,1948
13.4674,1953
13.4731,1953
13.4789,1952
13.4846,1951
13.4903,1948
13.496,1949
13.5017,1952
13.5074,1953
13.5131,1950
13.5188,1949
13.5245,1950
13.5302,1950
13.536,1950
13.5417,1950
13.5474,1952
13.5531,1950
13.5588,1951
13.5645,1951
13.5702,1949
13.5759,1950
13.5816,1948
13.5874,1950
13.5931,1951
13.5988,1951
13.6045,1949
13.6102,1950
13.6159,1950
13.6216,1952
13.6273,1950
13.633,1948
13.6387,1949
13.6444,1951
13.6501,1951
13.6558,1953
13.6615,1949
13.6673,1949
13.673,1952
13.6787,1950
13.6844,1952
13.6901,1952
13.6958,1950
13.7015,1949
13.7072,1951
13.7129,1951
13.7186,1949
13.7243,1951
13.7301,1950
13.7358,1952
13.7415,1951
13.7472,1948
13.7529,1949
13.7586,1951
13.7643,1937
13.77,1950
13.7757,1950
13.7814,1952
13.7871,1950
13.7929,1950
13.7986,1951
13.8043,1952
13.81,1951
13.8157,1950
13.8214,1949
13.8271,1950
13.8328,1950
13.8385,1950
13.8442,1950
13.8499,1948
13.8556,1950
13.8614,1949
13.8671,1951
13.8728,1951
13.8785,1951
13.8842,1950
13.8899,1951
13.8956,1948
13.9013,1951
13.907,1951
13.9127,1951
13.9184,1950
13.9242,1951
13.9299,1954
13.9356,1952
13.9413,1951
13.947,1950
13.9527,1953
13.9584,1952
13.9641,1949
13.9698,1950
13.9755,1950
13.9812,1952
13.9869,1952
13.9927,1951
13.9984,1951
14.0041,1951
14.0098,1950
14.0155,1950
14.0212,1951
14.0269,1951
14.0326,1952
14.0383,1952
14.044,1949
14.0497,1950
14.0554,1949
14.0612,1949
14.0669,1951
14.0726,1951
14.0783,1952
14.084,1948
14.0897,1952
14.0954,1951
14.1011,1946
14.1068,1950
14.1125,1951
14.1182,1950
14.1239,1951
14.1296,1951
14.1354,1951
14.1411,1951
14.1468,1950
14.1525,1950
14.1582,1948
14.1639,1948
14.1696,1952
14.1753,1950
14.181,1949
14.1867,1952
14.1924,1951
14.1981,1951
14.2038,1951
14.2096,1950
14.2153,1949
14.221,1950
14.2267,1949
14.2324,1950
14.2381,1949
14.2438,1951
14.2495,1950
14.2552,1951
14.2609,1951
14.2666,1949
14.2723,1950
14.278,1951
14.2838,1953
14.2895,1950
14.2952,1949
14.3009,1951
14.3066,1952
14.3123,1949
14.318,1950
14.3237,1950
14.3294,1951
14.3351,1949
14.3408,1951
14.3465,1950
14.3523,1949
14.358,1951
14.3637,1951
14.3694,1952
14.3751,1950
14.3808,1950
14.3865,1948
14.3922,1950
14.3979,1949
14.4036,1949
14.4093,1954
14.415,1949
14.4208,1949
14.4265,1949
14.4322,1950
14.4379,1950
14.4436,1950
14.4493,1953
14.455,1952
14.4607,1949
14.4664,1950
14.4721,1951
14.4778,1949
14.4835,1951
14.4893,1951
14.495,1952
14.5007,1952
14.5064,1950
14.5121,1950
14.5178,1952
14.5235,1950
14.5292,1949
14.5349,1950
14.5406,1949
14.5464,1953
14.5521,1952
14.5578,1950
14.5635,1952
14.5692,1949
14.5749,1948
14.5806,1950
14.5863,1950
14.592,1952
14.5977,1952
14.6034,1949
14.6092,1949
14.6149,1949
14.6206,1949
14.6263,1950
14.632,1950
14.6377,1950
14.6434,1950
14.6491,1948
14.6548,1952
14.6605,1951
14.6662,1952
14.6719,1950
14.6777,1951
14.6834,1949
14.6891,1949
14.6948,1949
14.7005,1952
14.7062,1949
14.7119,1950
14.7176,1951
14.7233,1952
14.729,1951
14.7347,1952
14.7404,1948
14.7461,1947
14.7519,1950
14.7576,1951
14.7633,1952
14.769,1951
14.7747,1951
14.7804,1951
14.7861,1950
14.7918,1949
14.7975,1950
14.8032,1950
14.8089,1951
14.8146,1952
14.8204,1950
14.8261,1951
14.8318,1951
14.8375,1951
14.8432,1950
14.8489,1948
14.8546,1948
14.8603,1948
14.866,1950
14.8717,1952
14.8774,1950
14.8831,1951
14.8888,1950
14.8945,1951
14.9002,1951
14.906,1950
14.9117,1950
14.9174,1952
14.9231,1951
14.9288,1952
14.9345,1951
14.9402,1951
14.9459,1952
14.9516,1952
14.9573,1951
14.963,1953
14.9688,1952
14.9745,1950
14.9802,1950
14.9859,1948
14.9916,1948
14.9973,1952
15.003,1951
15.0087,1952
15.0144,1949
15.0202,1949
15.0259,1950
15.0316,1952
15.0373,1949
15.043,1950
15.0487,1949
15.0544,1949
15.0601,1950
15.0658,1951
15.0715,1953
15.0773,1951
15.083,1951
15.0887,1951
15.0944,1950
15.1001,1951
15.1058,1951
15.1115,1950
15.1172,1950
15.1229,1948
15.1286,1951
15.1343,1951
15.14,1949
15.1458,1951
15.1515,1950
15.1572,1950
15.1629,1950
15.1686,1949
15.1743,1950
15.18,1950
15.1857,1952
15.1914,1949
15.1971,1948
15.2028,1950
15.2086,1950
15.2143,1950
15.22,1949
15.2257,1950
15.2314,1950
15.2371,1951
15.2428,1950
15.2485,1952
15.2542,1948
15.2599,1950
15.2656,1950
15.2714,1951
15.2771,1949
15.2828,1950
15.2885,1953
15.2942,1952
15.2999,1950
15.3056,1951
15.3113,1951
15.317,1949
15.3227,1951
15.3284,1951
15.3341,1952
15.3398,1951
15.3456,1952
15.3513,1952
15.357,1949
15.3627,1950
15.3684,1949
15.3741,1949
15.3798,1951
15.3855,1952
15.3912,1950
15.3969,1950
15.4026,1949
15.4083,1948
15.4141,1952
15.4198,1950
15.4255,1951
15.4312,1948
15.4369,1951
15.4426,1949
15.4483,1951
15.454,1950
15.4597,1949
15.4654,1950
15.4711,1951
15.4768,1952
15.4825,1951
15.4883,1950
15.494,1951
15.4997,1950
15.5054,1950
15.5111,1949
15.5168,1951
15.5225,1952
15.5282,1952
15.5339,1951
15.5396,1949
15.5453,1950
15.551,1951
15.5568,1950
15.5625,1953
15.5682,1950
15.5739,1950
15.5796,1952
15.5853,1950
15.591,1951
15.5967,1951
15.6024,1950
15.6081,1950
15.6138,1950
15.6196,1951
15.6253,1950
15.631,1950
15.6367,1950
15.6424,1952
15.6481,1951
15.6538,1951
15.6595,1949
15.6652,1950
15.6709,1951
15.6766,1952
15.6823,1950
15.688,1950
15.6937,1950
15.6994,1948
15.7052,1951
15.7109,1950
15.7166,1952
15.7223,1951
15.728,1950
15.7337,1951
15.7394,1950
15.7451,1950
15.7508,1952
15.7565,1950
15.7622,1951
15.7679,1952
15.7736,1951
15.7794,1951
15.7851,1949
15.7908,1951
15.7965,1952
15.8022,1951
15.8079,1950
15.8136,1950
15.8193,1949
15.825,1951
15.8307,1952
15.8364,1950
15.8422,1949
15.8479,1951
15.8536,1951
15.8593,1950
15.865,1949
15.8707,1948
15.8764,1951
15.8821,1952
15.8878,1950
15.8935,1950
15.8992,1951
15.9049,1950
15.9106,1951
15.9164,1951
15.9221,1950
15.9278,1949
15.9335,1952
15.9392,1951
15.9449,1951
15.9506,1949
15.9563,1950
15.962,1951
15.9677,1952
15.9734,1950
15.9792,1950
15.9849,1950
15.9906,1949
15.9963,1951
16.002,1950
16.0077,1950
16.0134,1951
16.0191,1950
16.0248,1950
16.0305,1948
16.0362,1951
16.0419,1951
16.0477,1950
16.0534,1949
16.0591,1950
16.0648,1949
16.0705,1951
16.0762,1950
16.0819,1954
16.0876,1949
16.0933,1949
16.099,1949
16.1047,1951
16.1104,1952
16.1161,1951
16.1219,1952
16.1276,1952
16.1333,1952
16.139,1951
16.1447,1953
16.1504,1950
16.1561,1950
16.1618,1950
16.1675,1949
16.1732,1953
16.1789,1950
16.1847,1950
16.1904,1950
16.1961,1951
16.2018,1952
16.2075,1951
16.2132,1951
16.2189,1951
16.2246,1948
16.2303,1949
16.2361,1952
16.2418,1952
16.2475,1950
16.2532,1950
16.2589,1951
16.2646,1951
16.2703,1950
16.276,1952
16.2817,1950
16.2874,1949
16.2932,1950
16.2989,1950
16.3046,1952
16.3103,1950
16.316,1952
16.3217,1950
16.3274,1950
16.3331,1949
16.3388,1948
16.3445,1952
16.3502,1951
16.356,1951
16.3617,1951
16.3674,1953
16.3731,1951
16.3788,1952
16.3845,1951
16.3902,1950
16.3959,1947
16.4016,1951
16.4073,1949
16.413,1952
16.4187,1950
16.4244,1950
16.4302,1950
16.4359,1951
16.4416,1953
16.4473,1951
16.453,1949
16.4587,1951
16.4644,1951
16.4701,1950
16.4758,1950
16.4816,1948
16.4873,1949
16.493,1948
16.4987,1949
16.5044,1951
16.5101,1949
16.5158,1948
16.5215,1952
16.5272,1951
16.5329,1950
16.5386,1950
16.5443,1950
16.5501,1951
16.5558,1948
16.5615,1952
16.5672,1950
16.5729,1953
16.5786,1949
16.5843,1950
16.59,1950
16.5957,1950
16.6014,1951
16.6072,1949
16.6129,1952
16.6186,1950
16.6243,1952
16.63,1950
16.6357,1951
16.6414,1949
16.6471,1950
16.6528,1951
16.6585,1952
16.6642,1948
16.6699,1950
16.6757,1951
16.6814,1952
16.6871,1950
16.6928,1951
16.6985,1952
16.7042,1950
16.7099,1950
16.7156,1950
16.7213,1951
16.727,1951
16.7328,1948
16.7385,1951
16.7442,1947
16.7499,1950
16.7556,1950
16.7613,1953
16.767,1950
16.7727,1952
16.7784,1951
16.7841,1950
16.7898,1949
16.7955,1949
16.8013,1951
16.807,1951
16.8127,1950
16.8184,1951
16.8241,1952
16.8298,1952
16.8355,1949
16.8412,1952
16.8469,1951
16.8526,1951
16.8583,1951
16.864,1950
16.8698,1951
16.8755,1950
16.8812,1950
16.8869,1952
16.8926,1952
16.8983,1952
16.904,1951
16.9097,1949
16.9154,1951
16.9211,1952
16.9268,1951
16.9325,1953
16.9383,1950
16.944,1952
16.9497,1950
16.9554,1952
16.9611,1952
16.9668,1950
