0.0004,2035
0.003,2035
0.0061,2027
0.0119,2004
0.0177,1983
0.0235,1969
0.0292,1951
0.035,1937
0.0407,1921
0.0464,1909
0.0521,1897
0.0578,1886
0.0635,1875
0.0692,1864
0.0749,1853
0.0806,1844
0.0864,1833
0.0921,1825
0.0978,1816
0.1035,1809
0.1092,1799
0.1149,1792
0.1206,1783
0.1263,1776
0.132,1777
0.1377,1775
0.1434,1775
0.1491,1773
0.1549,1777
0.1606,1774
0.1663,1774
0.172,1773
0.1777,1772
0.1834,1779
0.1891,1772
0.1948,1774
0.2005,1773
0.2062,1773
0.2119,1775
0.2176,1771
0.2233,1774
0.2291,1772
0.2348,1774
0.2405,1773
0.2462,1772
0.2519,1773
0.2576,1772
0.2633,1773
0.269,1774
0.2747,1774
0.2804,1773
0.2861,1774
0.2918,1774
0.2976,1773
0.3033,1774
0.309,1773
0.3147,1772
0.3204,1772
0.3261,1773
0.3318,1773
0.3375,1775
0.3432,1773
0.3489,1773
0.3546,1775
0.3604,1775
0.3661,1774
0.3718,1776
0.3775,1776
0.3832,1773
0.3889,1774
0.3946,1772
0.4003,1774
0.406,1772
0.4117,1776
0.4174,1773
0.4232,1772
0.4289,1772
0.4346,1773
0.4403,1773
0.446,1773
0.4517,1774
0.4574,1774
0.4631,1773
0.4688,1773
0.4745,1772
0.4802,1775
0.4859,1774
0.4917,1775
0.4974,1775
0.5031,1775
0.5088,1774
0.5145,1776
0.5202,1774
0.5259,1775
0.5316,1776
0.5373,1776
0.543,1774
0.5487,1772
0.5544,1774
0.5602,1775
0.5659,1774
0.5716,1772
0.5773,1775
0.583,1777
0.5887,1774
0.5944,1773
0.6001,1773
0.6058,1777
0.6115,1773
0.6172,1772
0.6229,1773
0.6287,1773
0.6344,1775
0.6401,1773
0.6458,1772
0.6515,1775
0.6572,1769
0.6629,1772
0.6686,1775
0.6743,1773
0.6801,1773
0.6858,1772
0.6915,1775
0.6972,1775
0.7029,1776
0.7086,1776
0.7143,1773
0.72,1773
0.7257,1772
0.7314,1775
0.7371,1774
0.7429,1773
0.7486,1774
0.7543,1773
0.76,1774
0.7657,1774
0.7714,1774
0.7771,1773
0.7828,1774
0.7885,1772
0.7942,1774
0.7999,1773
0.8057,1771
0.8114,1770
0.8171,1772
0.8228,1774
0.8285,1774
0.8342,1775
0.8399,1774
0.8456,1775
0.8513,1775
0.857,1774
0.8627,1774
0.8684,1775
0.8741,1774
0.8799,1774
0.8856,1775
0.8913,1775
0.897,1774
0.9027,1774
0.9084,1774
0.9141,1774
0.9198,1773
0.9255,1775
0.9312,1773
0.9369,1775
0.9426,1773
0.9483,1773
0.9541,1773
0.9598,1773
0.9655,1775
0.9712,1773
0.9769,1773
0.9826,1775
0.9883,1773
0.994,1774
0.9997,1772
1.0055,1774
1.0112,1774
1.0169,1774
1.0226,1774
1.0283,1774
1.034,1773
1.0397,1773
1.0454,1772
1.0511,1775
1.0568,1774
1.0625,1774
1.0682,1772
1.074,1772
1.0797,1772
1.0854,1773
1.0911,1773
1.0968,1774
1.1025,1772
1.1082,1773
1.1139,1772
1.1196,1774
1.1254,1775
1.1311,1774
1.1368,1776
1.1425,1774
1.1482,1775
1.1539,1773
1.1596,1773
1.1653,1773
1.171,1773
1.1767,1773
1.1824,1773
1.1882,1773
1.1939,1776
1.1996,1774
1.2053,1773
1.211,1775
1.2167,1774
1.2224,1774
1.2281,1775
1.2338,1772
1.2395,1775
1.2452,1775
1.251,1775
1.2567,1773
1.2624,1774
1.2681,1774
1.2738,1772
1.2795,1776
1.2853,1774
1.291,1774
1.2967,1774
1.3024,1776
1.3081,1776
1.3138,1776
1.3195,1774
1.3252,1773
1.3309,1771
1.3366,1773
1.3423,1773
1.348,1776
1.3538,1774
1.3595,1775
1.3652,1775
1.3709,1774
1.3766,1774
1.3823,1775
1.388,1772
1.3937,1774
1.3994,1773
1.4051,1773
1.4108,1774
1.4166,1774
1.4223,1775
1.428,1772
1.4337,1775
1.4394,1776
1.4451,1774
1.4508,1774
1.4565,1773
1.4622,1776
1.468,1776
1.4737,1776
1.4794,1774
1.4851,1774
1.4908,1773
1.4965,1773
1.5022,1773
1.508,1772
1.5137,1771
1.5194,1772
1.5251,1774
1.5308,1772
1.5365,1774
1.5422,1774
1.5479,1774
1.5536,1775
1.5593,1775
1.565,1773
1.5708,1776
1.5765,1775
1.5822,1775
1.5879,1774
1.5936,1775
1.5993,1775
1.605,1776
1.6107,1775
1.6164,1776
1.6221,1773
1.6278,1774
1.6335,1773
1.6392,1774
1.6449,1775
1.6507,1775
1.6564,1774
1.6621,1774
1.6678,1774
1.6735,1775
1.6792,1774
1.6849,1774
1.6906,1774
1.6963,1775
1.702,1774
1.7077,1774
1.7135,1773
1.7192,1772
1.7249,1773
1.7306,1775
1.7363,1775
1.742,1773
1.7477,1774
1.7534,1775
1.7591,1775
1.7648,1774
1.7706,1773
1.7763,1775
1.782,1772
1.7877,1773
1.7934,1771
1.7991,1773
1.8049,1771
1.8106,1773
1.8163,1773
1.822,1772
1.8277,1772
1.8334,1773
1.8391,1775
1.8448,1777
1.8505,1775
1.8563,1774
1.862,1775
1.8677,1774
1.8734,1775
1.8791,1775
1.8848,1772
1.8905,1771
1.8962,1773
1.9019,1772
1.9076,1772
1.9133,1773
1.919,1774
1.9248,1772
1.9305,1772
1.9362,1772
1.9419,1775
1.9476,1774
1.9533,1774
1.959,1775
1.9647,1775
1.9704,1773
1.9761,1773
1.9818,1775
1.9875,1774
1.9933,1777
1.999,1776
2.0047,1775
2.0104,1774
2.0161,1774
2.0218,1773
2.0275,1773
2.0332,1775
2.0389,1776
2.0446,1774
2.0503,1775
2.0561,1775
2.0618,1773
2.0675,1776
2.0732,1773
2.0789,1774
2.0846,1775
2.0903,1776
2.096,1773
2.1017,1774
2.1074,1773
2.1131,1773
2.1188,1775
2.1245,1773
2.1303,1773
2.136,1775
2.1417,1775
2.1474,1774
2.1531,1774
2.1588,1774
2.1645,1774
2.1702,1775
2.1759,1775
2.1816,1775
2.1873,1773
2.193,1775
2.1987,1774
2.2045,1775
2.2102,1775
2.2159,1776
2.2216,1773
2.2273,1775
2.233,1775
2.2387,1774
2.2444,1774
2.2501,1774
2.2558,1773
2.2615,1774
2.2672,1774
2.273,1775
2.2787,1775
2.2844,1773
2.2901,1775
2.2958,1775
2.3015,1775
2.3072,1774
2.3129,1775
2.3186,1776
2.3243,1774
2.33,1772
2.3357,1774
2.3415,1774
2.3472,1773
2.3529,1773
2.3586,1774
2.3643,1772
2.37,1773
2.3757,1772
2.3814,1773
2.3871,1775
2.3928,1774
2.3985,1772
2.4042,1775
2.41,1773
2.4157,1774
2.4214,1775
2.4271,1774
2.4328,1773
2.4385,1775
2.4442,1773
2.4499,1773
2.4556,1775
2.4613,1775
2.4671,1775
2.4728,1776
2.4785,1775
2.4842,1775
2.4899,1774
2.4956,1774
2.5013,1773
2.507,1774
2.5128,1772
2.5185,1773
2.5242,1771
2.5299,1774
2.5356,1775
2.5413,1775
2.547,1774
2.5527,1772
2.5584,1773
2.5641,1774
2.5698,1772
2.5755,1773
2.5812,1770
2.587,1773
2.5927,1774
2.5984,1773
2.6041,1775
2.6098,1774
2.6155,1773
2.6212,1774
2.6269,1773
2.6326,1774
2.6383,1773
2.644,1774
2.6497,1774
2.6555,1774
2.6612,1777
2.6669,1776
2.6726,1774
2.6783,1776
2.684,1774
2.6897,1775
2.6954,1772
2.7011,1772
2.7068,1774
2.7125,1774
2.7182,1774
2.7239,1774
2.7296,1775
2.7354,1773
2.7411,1774
2.7468,1773
2.7525,1775
2.7582,1771
2.7639,1772
2.7696,1773
2.7753,1775
2.781,1772
2.7867,1772
2.7924,1772
2.7981,1775
2.8038,1774
2.8095,1775
2.8153,1774
2.821,1775
2.8267,1776
2.8324,1776
2.8381,1776
2.8438,1774
2.8495,1776
2.8552,1776
2.8609,1774
2.8667,1774
2.8724,1773
2.8781,1775
2.8838,1774
2.8895,1775
2.8952,1773
2.9009,1773
2.9066,1773
2.9123,1773
2.918,1774
2.9237,1774
2.9294,1774
2.9351,1773
2.9409,1773
2.9466,1774
2.9523,1775
2.958,1776
2.9637,1774
2.9694,1771
2.9751,1775
2.9808,1773
2.9865,1776
2.9922,1774
2.998,1774
3.0037,1775
3.0094,1772
3.0151,1774
3.0208,1774
3.0265,1773
3.0322,1773
3.0379,1776
3.0436,1774
3.0493,1775
3.0551,1776
3.0608,1774
3.0665,1773
3.0722,1774
3.0779,1772
3.0836,1773
3.0893,1775
3.095,1774
3.1007,1776
3.1064,1773
3.1121,1776
3.1178,1775
3.1235,1776
3.1292,1774
3.1349,1774
3.1406,1775
3.1464,1772
3.1521,1775
3.1578,1774
3.1635,1772
3.1692,1772
3.1749,1775
3.1806,1772
3.1863,1774
3.192,1773
3.1977,1774
3.2034,1773
3.2092,1773
3.2149,1774
3.2206,1776
3.2263,1774
3.232,1775
3.2377,1773
3.2434,1773
3.2491,1774
3.2548,1774
3.2605,1775
3.2662,1773
3.2719,1773
3.2776,1774
3.2834,1774
3.2891,1775
3.2948,1775
3.3005,1775
3.3062,1774
3.3119,1775
3.3176,1775
3.3233,1774
3.329,1772
3.3347,1776
3.3404,1775
3.3461,1775
3.3519,1774
3.3576,1775
3.3633,1774
3.369,1775
3.3747,1775
3.3804,1774
3.3861,1774
3.3918,1772
3.3975,1773
3.4032,1773
3.4089,1772
3.4146,1775
3.4203,1774
3.4261,1774
3.4318,1776
3.4375,1775
3.4432,1774
3.4489,1773
3.4546,1774
3.4603,1776
3.466,1773
3.4717,1773
3.4774,1776
3.4831,1774
3.4889,1775
3.4946,1775
3.5003,1773
3.506,1774
3.5117,1772
3.5174,1773
3.5231,1773
3.5288,1774
3.5345,1775
3.5402,1774
3.5459,1774
3.5516,1774
3.5573,1773
3.563,1775
3.5688,1774
3.5745,1773
3.5802,1776
3.5859,1774
3.5916,1774
3.5973,1773
3.603,1775
3.6087,1774
3.6144,1776
3.6201,1776
3.6258,1774
3.6315,1772
3.6372,1775
3.6429,1773
3.6487,1773
3.6544,1771
3.6601,1771
3.6658,1773
3.6715,1774
3.6772,1774
3.6829,1774
3.6886,1774
3.6943,1774
3.7,1774
3.7057,1773
3.7114,1772
3.7172,1773
3.7229,1773
3.7286,1773
3.7343,1776
3.74,1774
3.7457,1775
3.7514,1774
3.7571,1774
3.7628,1772
3.7685,1774
3.7743,1775
3.78,1773
3.7857,1775
3.7914,1776
3.7971,1777
3.8028,1773
3.8085,1773
3.8142,1773
3.8199,1774
3.8257,1775
3.8314,1774
3.8371,1774
3.8428,1773
3.8485,1773
3.8542,1774
3.8599,1772
3.8656,1773
3.8713,1773
3.877,1774
3.8827,1775
3.8884,1776
3.8942,1774
3.8999,1771
3.9056,1774
3.9113,1775
3.917,1774
3.9227,1774
3.9284,1774
3.9341,1775
3.9398,1775
3.9455,1773
3.9513,1773
3.957,1772
3.9627,1774
3.9684,1773
3.9741,1774
3.9798,1775
3.9855,1773
3.9912,1773
3.9969,1777
4.0026,1775
4.0084,1775
4.0141,1774
4.0198,1773
4.0255,1774
4.0312,1773
4.0369,1774
4.0426,1776
4.0483,1775
4.054,1773
4.0597,1774
4.0654,1775
4.0712,1774
4.0769,1771
4.0826,1771
4.0883,1774
4.094,1772
4.0997,1772
4.1054,1774
4.1111,1774
4.1168,1774
4.1225,1775
4.1282,1774
4.134,1775
4.1397,1775
4.1454,1775
4.1511,1774
4.1568,1774
4.1625,1777
4.1682,1776
4.1739,1773
4.1796,1775
4.1854,1776
4.1911,1775
4.1968,1775
4.2025,1774
4.2082,1773
4.2139,1772
4.2196,1772
4.2253,1772
4.231,1773
4.2367,1772
4.2424,1773
4.2481,1774
4.2539,1774
4.2596,1776
4.2653,1774
4.271,1774
4.2767,1772
4.2824,1772
4.2881,1774
4.2938,1773
4.2995,1775
4.3052,1775
4.3109,1772
4.3166,1774
4.3224,1774
4.3281,1773
4.3338,1775
4.3395,1772
4.3452,1774
4.3509,1774
4.3566,1773
4.3623,1773
4.368,1773
4.3737,1773
4.3794,1774
4.3851,1774
4.3909,1772
4.3966,1775
4.4023,1772
4.408,1775
4.4137,1774
4.4194,1776
4.4251,1773
4.4308,1774
4.4365,1773
4.4422,1774
4.4479,1773
4.4536,1775
4.4594,1773
4.4651,1773
4.4708,1775
4.4765,1774
4.4822,1775
4.4879,1774
4.4936,1773
4.4993,1773
4.505,1773
4.5107,1775
4.5164,1775
4.5221,1773
4.5279,1775
4.5336,1774
4.5393,1774
4.545,1772
4.5507,1773
4.5564,1776
4.5621,1775
4.5678,1773
4.5735,1774
4.5792,1773
4.5849,1775
4.5906,1772
4.5964,1774
4.6021,1774
4.6078,1774
4.6135,1774
4.6192,1773
4.6249,1772
4.6306,1774
4.6363,1778
4.642,1775
4.6477,1776
4.6534,1775
4.6591,1775
4.6648,1775
4.6705,1776
4.6763,1775
4.682,1774
4.6877,1773
4.6934,1775
4.6991,1774
4.7048,1774
4.7105,1774
4.7162,1773
4.7219,1773
4.7276,1773
4.7333,1773
4.739,1774
4.7447,1774
4.7505,1773
4.7562,1774
4.7619,1776
4.7676,1774
4.7733,1775
4.779,1775
4.7847,1775
4.7904,1775
4.7961,1776
4.8018,1774
4.8075,1772
4.8133,1775
4.819,1772
4.8247,1774
4.8304,1774
4.8361,1773
4.8418,1775
4.8475,1774
4.8532,1775
4.8589,1775
4.8646,1776
4.8703,1774
4.8761,1775
4.8818,1774
4.8875,1774
4.8932,1776
4.8989,1774
4.9046,1774
4.9103,1774
4.916,1772
4.9217,1773
4.9274,1773
4.9331,1773
4.9388,1774
4.9445,1773
4.9502,1772
4.956,1774
4.9617,1773
4.9674,1772
4.9731,1774
4.9788,1774
4.9845,1776
4.9902,1773
4.9959,1775
5.0016,1771
5.0073,1775
5.013,1775
5.0188,1774
5.0245,1773
5.0302,1774
5.0359,1774
5.0416,1775
5.0473,1772
5.053,1772
5.0587,1774
5.0644,1773
5.0701,1774
5.0758,1774
5.0815,1771
5.0873,1772
5.093,1774
5.0987,1774
5.1044,1774
5.1101,1774
5.1158,1775
5.1215,1774
5.1272,1773
5.1329,1771
5.1386,1774
5.1443,1774
5.15,1774
5.1557,1774
5.1614,1771
5.1671,1774
5.1729,1773
5.1786,1773
5.1843,1773
5.19,1775
5.1957,1775
5.2014,1774
5.2071,1774
5.2128,1773
5.2185,1773
5.2242,1772
5.2299,1775
5.2356,1774
5.2414,1774
5.2471,1772
5.2528,1773
5.2585,1774
5.2642,1773
5.2699,1772
5.2756,1774
5.2813,1773
5.287,1774
5.2927,1773
5.2984,1775
5.3042,1775
5.3099,1774
5.3156,1773
5.3213,1774
5.327,1774
5.3327,1775
5.3384,1775
5.3441,1776
5.3498,1775
5.3556,1774
5.3613,1775
5.367,1775
5.3727,1774
5.3784,1775
5.3841,1773
5.3898,1775
5.3955,1775
5.4012,1775
5.4069,1773
5.4126,1774
5.4183,1774
5.4241,1774
5.4298,1774
5.4355,1772
5.4412,1772
5.4469,1772
5.4526,1773
5.4583,1774
5.464,1776
5.4697,1774
5.4754,1772
5.4812,1774
5.4869,1775
5.4926,1773
5.4983,1774
5.504,1773
5.5097,1774
5.5154,1775
5.5211,1774
5.5268,1774
5.5325,1771
5.5382,1773
5.5439,1773
5.5497,1773
5.5554,1773
5.5611,1773
5.5668,1774
5.5725,1776
5.5782,1775
5.5839,1776
5.5896,1775
5.5953,1775
5.601,1773
5.6067,1775
5.6124,1775
5.6182,1775
5.6239,1774
5.6296,1773
5.6353,1773
5.641,1774
5.6467,1773
5.6524,1776
5.6581,1774
5.6638,1773
5.6695,1773
5.6752,1774
5.6809,1775
5.6866,1773
5.6924,1773
5.6981,1772
5.7038,1776
5.7095,1775
5.7152,1775
5.7209,1774
5.7266,1775
5.7323,1774
5.738,1773
5.7437,1775
5.7494,1773
5.7551,1772
5.7608,1773
5.7665,1773
5.7723,1773
5.778,1772
5.7837,1775
5.7894,1773
5.7951,1775
5.8008,1773
5.8065,1775
5.8122,1774
5.8179,1772
5.8236,1774
5.8293,1775
5.835,1775
5.8407,1773
5.8465,1776
5.8522,1776
5.8579,1774
5.8636,1773
5.8693,1770
5.875,1775
5.8807,1775
5.8864,1775
5.8921,1774
5.8978,1776
5.9036,1773
5.9093,1774
5.915,1774
5.9207,1774
5.9264,1773
5.9321,1773
5.9378,1774
5.9435,1775
5.9493,1773
5.955,1773
5.9607,1774
5.9664,1773
5.9721,1775
5.9778,1774
5.9835,1776
5.9892,1774
5.9949,1774
6.0006,1773
6.0063,1774
6.0121,1773
6.0178,1775
6.0235,1774
6.0292,1775
6.0349,1775
6.0406,1774
6.0463,1773
6.052,1772
6.0577,1773
6.0634,1774
6.0691,1774
6.0748,1772
6.0805,1772
6.0863,1773
6.092,1773
6.0977,1775
6.1034,1777
6.1091,1774
6.1148,1774
6.1205,1772
6.1262,1773
6.1319,1773
6.1376,1773
6.1433,1774
6.149,1775
6.1548,1774
6.1605,1771
6.1662,1773
6.1719,1775
6.1776,1773
6.1833,1773
6.189,1773
6.1947,1773
6.2004,1772
6.2061,1772
6.2118,1775
6.2176,1773
6.2233,1774
6.229,1774
6.2347,1775
6.2404,1772
6.2461,1775
6.2518,1774
6.2575,1774
6.2632,1776
6.2689,1776
6.2747,1777
6.2804,1774
6.2861,1776
6.2918,1776
6.2975,1775
6.3032,1774
6.3089,1776
6.3146,1774
6.3203,1773
6.326,1774
6.3317,1774
6.3374,1772
6.3431,1775
6.3489,1776
6.3546,1774
6.3603,1774
6.366,1776
6.3717,1774
6.3774,1773
6.3831,1774
6.3888,1776
6.3945,1775
6.4002,1775
6.4059,1774
6.4116,1773
6.4174,1774
6.4231,1775
6.4288,1774
6.4345,1774
6.4402,1772
6.4459,1774
6.4516,1774
6.4573,1774
6.463,1775
6.4687,1775
6.4744,1775
6.4802,1774
6.4859,1773
6.4916,1773
6.4973,1774
6.503,1774
6.5087,1774
6.5144,1773
6.5201,1772
6.5258,1772
6.5315,1774
6.5372,1777
6.5429,1774
6.5486,1773
6.5544,1776
6.5601,1773
6.5658,1772
6.5715,1776
6.5772,1774
6.5829,1776
6.5886,1774
6.5943,1774
6.6,1776
6.6057,1775
6.6114,1775
6.6171,1775
6.6229,1774
6.6286,1775
6.6343,1775
6.64,1773
6.6457,1775
6.6514,1771
6.6571,1773
6.6628,1772
6.6685,1774
6.6742,1775
6.6799,1774
6.6856,1774
6.6914,1773
6.6971,1772
6.7028,1771
6.7085,1775
6.7142,1773
6.7199,1774
6.7256,1775
6.7313,1774
6.737,1774
6.7428,1773
6.7485,1774
6.7542,1775
6.7599,1773
6.7656,1774
6.7713,1775
6.777,1774
6.7827,1774
6.7884,1773
6.7941,1774
6.7998,1771
6.8056,1775
6.8113,1774
6.817,1774
6.8227,1775
6.8284,1773
6.8341,1773
6.8398,1775
6.8455,1774
6.8512,1774
6.8569,1773
6.8627,1773
6.8684,1774
6.8741,1773
6.8798,1773
6.8855,1774
6.8912,1773
6.8969,1774
6.9026,1772
6.9083,1774
6.914,1774
6.9197,1772
6.9254,1773
6.9311,1773
6.9368,1774
6.9426,1775
6.9483,1775
6.954,1775
6.9597,1773
6.9654,1773
6.9711,1773
6.9768,1774
6.9825,1775
6.9882,1774
6.9939,1774
6.9996,1777
7.0053,1775
7.0111,1774
7.0168,1775
7.0225,1775
7.0282,1774
7.0339,1774
7.0396,1774
7.0453,1775
7.051,1773
7.0567,1774
7.0624,1772
7.0682,1773
7.0739,1773
7.0796,1773
7.0853,1773
7.091,1774
7.0967,1773
7.1024,1774
7.1082,1773
7.1139,1775
7.1196,1773
7.1253,1773
7.131,1774
7.1367,1775
7.1424,1776
7.1481,1774
7.1538,1778
7.1595,1774
7.1652,1774
7.1709,1774
7.1767,1774
7.1824,1773
7.1881,1773
7.1938,1774
7.1995,1772
7.2052,1773
7.2109,1772
7.2166,1774
7.2223,1775
7.228,1775
7.2337,1775
7.2394,1773
7.2452,1772
7.2509,1773
7.2566,1773
7.2623,1773
7.268,1772
7.2737,1773
7.2794,1775
7.2851,1775
7.2908,1775
7.2965,1790
7.3022,1774
7.3079,1773
7.3137,1773
7.3194,1775
7.3251,1772
7.3308,1772
7.3365,1773
7.3422,1773
7.3479,1775
7.3536,1773
7.3593,1771
7.365,1773
7.3707,1773
7.3765,1775
7.3822,1773
7.3879,1774
7.3936,1771
7.3993,1774
7.405,1774
7.4107,1774
7.4164,1773
7.4221,1775
7.4278,1775
7.4335,1772
7.4392,1774
7.445,1775
7.4507,1774
7.4564,1774
7.4621,1777
7.4678,1773
7.4735,1772
7.4792,1775
7.4849,1775
7.4906,1774
7.4963,1777
7.502,1775
7.5077,1775
7.5134,1773
7.5192,1774
7.5249,1773
7.5306,1772
7.5363,1775
7.542,1774
7.5477,1775
7.5534,1776
7.5591,1774
7.5648,1775
7.5705,1774
7.5762,1776
7.5819,1773
7.5876,1773
7.5933,1775
7.5991,1773
7.6048,1773
7.6105,1772
7.6162,1773
7.6219,1773
7.6276,1773
7.6333,1775
7.639,1773
7.6447,1773
7.6504,1772
7.6561,1772
7.6618,1774
7.6675,1772
7.6733,1772
7.679,1773
7.6847,1772
7.6904,1773
7.6961,1773
7.7018,1772
7.7075,1774
7.7132,1774
7.7189,1775
7.7246,1777
7.7304,1776
7.7361,1773
7.7418,1774
7.7475,1774
7.7532,1775
7.7589,1775
7.7646,1773
7.7703,1773
7.776,1775
7.7817,1773
7.7874,1774
7.7931,1773
7.7989,1774
7.8046,1773
7.8103,1774
7.816,1774
7.8217,1774
7.8274,1774
7.8331,1773
7.8388,1774
7.8445,1774
7.8503,1773
7.856,1774
7.8617,1774
7.8674,1774
7.8731,1773
7.8788,1773
7.8845,1774
7.8902,1773
7.8959,1774
7.9016,1775
7.9073,1772
7.913,1771
7.9187,1772
7.9245,1776
7.9302,1772
7.9359,1774
7.9416,1774
7.9473,1772
7.953,1774
7.9587,1775
7.9644,1776
7.9701,1773
7.9758,1773
7.9815,1772
7.9873,1772
7.993,1772
7.9987,1773
8.0044,1773
8.0101,1772
8.0158,1772
8.0215,1774
8.0272,1775
8.0329,1774
8.0386,1774
8.0444,1774
8.0501,1774
8.0558,1774
8.0615,1775
8.0672,1773
8.0729,1773
8.0786,1775
8.0843,1774
8.09,1775
8.0957,1774
8.1014,1774
8.1071,1774
8.1129,1775
8.1186,1776
8.1243,1773
8.13,1775
8.1357,1776
8.1414,1775
8.1471,1774
8.1528,1773
8.1585,1775
8.1642,1771
8.1699,1773
8.1757,1774
8.1814,1773
8.1871,1773
8.1928,1773
8.1985,1774
8.2042,1774
8.2099,1774
8.2156,1776
8.2213,1775
8.227,1773
8.2328,1777
8.2385,1774
8.2442,1775
8.2499,1775
8.2556,1776
8.2613,1774
8.267,1775
8.2727,1774
8.2784,1775
8.2841,1775
8.2898,1774
8.2955,1772
8.3012,1777
8.3069,1776
8.3127,1774
8.3184,1776
8.3241,1777
8.3298,1773
8.3355,1774
8.3412,1775
8.3469,1774
8.3526,1775
8.3583,1774
8.364,1774
8.3697,1773
8.3754,1772
8.3812,1772
8.3869,1775
8.3926,1775
8.3983,1775
8.404,1773
8.4097,1775
8.4154,1773
8.4211,1774
8.4268,1774
8.4325,1772
8.4382,1772
8.4439,1773
8.4496,1774
8.4554,1774
8.4611,1773
8.4668,1775
8.4725,1771
8.4782,1772
8.4839,1773
8.4896,1775
8.4953,1773
8.501,1774
8.5067,1774
8.5124,1775
8.5181,1771
8.5239,1774
8.5296,1773
8.5353,1774
8.541,1773
8.5467,1775
8.5524,1775
8.5581,1774
8.5638,1772
8.5695,1776
8.5752,1772
8.5809,1774
8.5866,1774
8.5924,1773
8.5981,1772
8.6038,1776
8.6095,1774
8.6152,1774
8.6209,1775
8.6266,1775
8.6323,1772
8.638,1774
8.6437,1773
8.6494,1774
8.6551,1772
8.6609,1776
8.6666,1775
8.6723,1774
8.678,1774
8.6837,1774
8.6894,1774
8.6951,1774
8.7008,1774
8.7065,1775
8.7122,1774
8.7179,1776
8.7236,1775
8.7293,1773
8.7351,1775
8.7408,1775
8.7465,1774
8.7522,1775
8.7579,1774
8.7636,1773
8.7693,1775
8.775,1776
8.7807,1775
8.7864,1776
8.7921,1775
8.7978,1776
8.8036,1774
8.8093,1775
8.815,1776
8.8207,1775
8.8264,1776
8.8321,1774
8.8378,1776
8.8435,1776
8.8492,1774
8.8549,1775
8.8606,1773
8.8663,1774
8.872,1773
8.8778,1773
8.8835,1775
8.8892,1774
8.8949,1774
8.9006,1775
8.9063,1774
8.912,1773
8.9177,1777
8.9234,1773
8.9291,1774
8.9348,1775
8.9405,1771
8.9463,1775
8.952,1775
8.9577,1774
8.9634,1773
8.9691,1775
8.9748,1776
8.9805,1774
8.9862,1774
8.9919,1775
8.9976,1772
9.0033,1774
9.009,1775
9.0147,1775
9.0205,1775
9.0262,1773
9.0319,1775
9.0376,1774
9.0433,1774
9.049,1774
9.0547,1775
9.0604,1776
9.0661,1774
9.0718,1775
9.0776,1775
9.0833,1775
9.089,1776
9.0947,1774
9.1004,1775
9.1061,1773
9.1118,1775
9.1175,1774
9.1232,1775
9.1289,1774
9.1346,1774
9.1403,1773
9.146,1773
9.1518,1774
9.1575,1773
9.1632,1775
9.1689,1775
9.1746,1774
9.1803,1772
9.186,1775
9.1917,1773
9.1974,1775
9.2031,1775
9.2088,1775
9.2145,1774
9.2203,1774
9.226,1775
9.2317,1775
9.2374,1775
9.2431,1772
9.2488,1773
9.2545,1775
9.2602,1776
9.2659,1774
9.2716,1772
9.2774,1775
9.2831,1771
9.2888,1775
9.2945,1773
9.3002,1773
9.3059,1773
9.3116,1775
9.3173,1774
9.323,1774
9.3287,1773
9.3344,1774
9.3401,1774
9.3459,1775
9.3516,1773
9.3573,1772
9.363,1775
9.3687,1775
9.3744,1773
9.3801,1774
9.3858,1772
9.3915,1774
9.3972,1773
9.4029,1775
9.4087,1773
9.4144,1774
9.4201,1776
9.4258,1775
9.4315,1774
9.4372,1774
9.4429,1774
9.4486,1774
9.4543,1774
9.4601,1772
9.4658,1774
9.4715,1772
9.4772,1773
9.4829,1772
9.4886,1774
9.4943,1775
9.5,1774
9.5057,1772
9.5114,1774
9.5171,1771
9.5229,1774
9.5286,1771
9.5343,1774
9.54,1773
9.5457,1773
9.5514,1774
9.5571,1772
9.5628,1773
9.5685,1775
9.5742,1773
9.5799,1774
9.5857,1773
9.5914,1773
9.5971,1774
9.6028,1776
9.6085,1774
9.6142,1773
9.6199,1775
9.6256,1773
9.6313,1773
9.6371,1772
9.6428,1773
9.6485,1775
9.6542,1775
9.6599,1773
9.6656,1773
9.6713,1775
9.677,1773
9.6827,1774
9.6884,1774
9.6941,1774
9.6998,1775
9.7055,1775
9.7112,1775
9.7169,1775
9.7227,1775
9.7284,1773
9.7341,1773
9.7398,1776
9.7455,1775
9.7512,1775
9.7569,1774
9.7626,1774
9.7683,1774
9.774,1774
9.7797,1776
9.7854,1776
9.7911,1775
9.7969,1776
9.8026,1777
9.8083,1775
9.814,1774
9.8197,1776
9.8254,1775
9.8311,1774
9.8368,1774
9.8426,1775
9.8483,1775
9.854,1774
9.8597,1772
9.8654,1773
9.8711,1773
9.8768,1775
9.8825,1775
9.8882,1774
9.8939,1774
9.8996,1775
9.9053,1775
9.9111,1776
9.9168,1775
9.9225,1774
9.9282,1774
9.9339,1773
9.9396,1773
9.9453,1773
9.951,1775
9.9567,1774
9.9624,1776
9.9681,1774
9.9738,1776
9.9796,1773
9.9853,1775
9.991,1774
9.9967,1773
10.0024,1773
10.0081,1773
10.0138,1773
10.0195,1774
10.0252,1774
10.0309,1772
10.0366,1776
10.0424,1774
10.0481,1773
10.0538,1775
10.0595,1776
10.0652,1774
10.0709,1775
10.0766,1773
10.0823,1776
10.088,1774
10.0937,1775
10.0994,1775
10.1051,1777
10.1108,1775
10.1166,1774
10.1223,1775
10.128,1775
10.1337,1776
10.1394,1775
10.1451,1774
10.1508,1774
10.1565,1776
10.1622,1776
10.1679,1776
10.1737,1772
10.1794,1775
10.1851,1772
10.1908,1778
10.1965,1774
10.2022,1775
10.2079,1773
10.2136,1773
10.2193,1773
10.2251,1774
10.2308,1774
10.2365,1775
10.2422,1773
10.2479,1775
10.2536,1776
10.2593,1773
10.265,1773
10.2707,1776
10.2764,1775
10.2821,1777
10.2878,1774
10.2936,1773
10.2993,1777
10.305,1773
10.3107,1773
10.3164,1774
10.3221,1773
10.3278,1775
10.3335,1775
10.3392,1772
10.3449,1774
10.3506,1774
10.3564,1773
10.3621,1772
10.3678,1773
10.3735,1774
10.3792,1775
10.3849,1774
10.3906,1773
10.3963,1774
10.402,1773
10.4077,1774
10.4134,1773
10.4192,1775
10.4249,1774
10.4306,1774
10.4363,1776
10.442,1775
10.4477,1774
10.4534,1777
10.4591,1775
10.4648,1774
10.4705,1773
10.4762,1773
10.482,1775
10.4877,1775
10.4934,1775
10.4991,1776
10.5048,1775
10.5105,1772
10.5162,1774
10.5219,1773
10.5276,1772
10.5333,1773
10.539,1776
10.5447,1776
10.5504,1773
10.5562,1773
10.5619,1774
10.5676,1774
10.5733,1773
10.579,1774
10.5847,1773
10.5904,1775
10.5961,1774
10.6018,1775
10.6075,1773
10.6132,1775
10.6189,1775
10.6246,1773
10.6304,1774
10.6361,1774
10.6418,1775
10.6475,1775
10.6532,1773
10.6589,1774
10.6646,1775
10.6703,1775
10.676,1774
10.6817,1772
10.6874,1774
10.6932,1773
10.6989,1773
10.7046,1774
10.7103,1775
10.716,1774
10.7217,1776
10.7274,1774
10.7331,1775
10.7388,1776
10.7445,1774
10.7503,1772
10.756,1775
10.7617,1775
10.7674,1776
10.7731,1776
10.7788,1775
10.7845,1774
10.7902,1776
10.7959,1774
10.8016,1774
10.8073,1774
10.813,1776
10.8188,1775
10.8245,1776
10.8302,1774
10.8359,1774
10.8416,1775
10.8473,1773
10.853,1775
10.8587,1776
10.8644,1774
10.8701,1774
10.8758,1774
10.8815,1775
10.8873,1775
10.893,1774
10.8987,1774
10.9044,1776
10.9101,1775
10.9158,1774
10.9215,1777
10.9272,1775
10.9329,1776
10.9386,1774
10.9443,1771
10.95,1775
10.9557,1774
10.9615,1774
10.9672,1774
10.9729,1774
10.9786,1774
10.9843,1774
10.99,1774
10.9957,1773
11.0014,1774
11.0071,1774
11.0128,1775
11.0185,1773
11.0242,1772
11.03,1773
11.0357,1773
11.0414,1772
11.0471,1773
11.0528,1774
11.0585,1775
11.0642,1772
11.0699,1773
11.0756,1774
11.0813,1774
11.087,1775
11.0928,1774
11.0985,1774
11.1042,1775
11.1099,1772
11.1156,1774
11.1213,1774
11.127,1774
11.1327,1775
11.1384,1775
11.1441,1774
11.1498,1775
11.1555,1774
11.1613,1775
11.167,1774
11.1727,1774
11.1784,1773
11.1841,1774
11.1898,1774
11.1955,1776
11.2012,1776
11.2069,1776
11.2126,1774
11.2183,1774
11.224,1775
11.2298,1775
11.2355,1774
11.2412,1774
11.2469,1775
11.2526,1775
11.2583,1774
11.264,1773
11.2697,1775
11.2754,1776
11.2811,1775
11.2868,1777
11.2925,1776
11.2982,1775
11.3039,1776
11.3097,1773
11.3154,1775
11.3211,1774
11.3268,1772
11.3325,1775
11.3382,1776
11.3439,1774
11.3496,1772
11.3553,1772
11.361,1772
11.3667,1771
11.3725,1773
11.3782,1774
11.3839,1775
11.3896,1775
11.3953,1775
11.401,1772
11.4067,1774
11.4124,1774
11.4181,1775
11.4238,1774
11.4295,1774
11.4352,1773
11.4409,1774
11.4467,1773
11.4524,1772
11.4581,1774
11.4638,1773
11.4695,1771
11.4752,1773
11.4809,1773
11.4866,1773
11.4923,1772
11.498,1772
11.5037,1772
11.5094,1773
11.5151,1775
11.5208,1773
11.5266,1772
11.5323,1776
11.538,1774
11.5437,1773
11.5494,1774
11.5551,1773
11.5608,1775
11.5665,1775
11.5722,1773
11.5779,1773
11.5837,1774
11.5894,1773
11.5951,1774
11.6008,1773
11.6065,1776
11.6122,1777
11.6179,1776
11.6236,1774
11.6293,1774
11.635,1773
11.6407,1773
11.6464,1775
11.6522,1776
11.6579,1773
11.6636,1774
11.6693,1774
11.675,1776
11.6807,1774
11.6864,1773
11.6921,1774
11.6978,1774
11.7035,1773
11.7092,1773
11.7149,1773
11.7207,1772
11.7264,1774
11.7321,1774
11.7378,1776
11.7435,1774
11.7492,1774
11.7549,1773
11.7606,1775
11.7663,1774
11.772,1775
11.7777,1775
11.7834,1776
11.7892,1773
11.7949,1774
11.8006,1772
11.8063,1774
11.812,1774
11.8177,1775
11.8234,1774
11.8291,1774
11.8348,1774
11.8405,1775
11.8462,1773
11.8519,1773
11.8577,1777
11.8634,1774
11.8691,1774
11.8748,1776
11.8805,1775
11.8862,1774
11.8919,1774
11.8976,1774
11.9033,1774
11.909,1774
11.9147,1775
11.9205,1774
11.9262,1775
11.9319,1774
11.9376,1773
11.9433,1775
11.949,1774
11.9547,1774
11.9604,1772
11.9661,1774
11.9718,1772
11.9775,1772
11.9833,1775
11.989,1773
11.9947,1772
12.0004,1773
12.0061,1774
12.0118,1773
12.0175,1774
12.0232,1774
12.0289,1773
12.0346,1772
12.0403,1774
12.046,1776
12.0517,1774
12.0575,1774
12.0632,1775
12.0689,1775
12.0746,1775
12.0803,1774
12.086,1773
12.0917,1772
12.0974,1775
12.1031,1775
12.1088,1773
12.1145,1775
12.1202,1775
12.1259,1773
12.1316,1773
12.1374,1773
12.1431,1773
12.1488,1776
12.1545,1773
12.1602,1775
12.1659,1772
12.1716,1776
12.1773,1775
12.183,1775
12.1887,1772
12.1944,1776
12.2001,1774
12.2058,1774
12.2116,1774
12.2173,1772
12.223,1774
12.2287,1773
12.2344,1773
12.2401,1773
12.2458,1774
12.2515,1774
12.2572,1774
12.2629,1774
12.2686,1774
12.2744,1776
12.2801,1775
12.2858,1773
12.2915,1774
12.2972,1774
12.3029,1774
12.3086,1774
12.3143,1772
12.32,1775
12.3257,1773
12.3314,1772
12.3371,1774
12.3428,1775
12.3486,1773
12.3543,1774
12.36,1772
12.3657,1774
12.3714,1775
12.3771,1775
12.3828,1773
12.3885,1773
12.3942,1773
12.3999,1772
12.4056,1772
12.4113,1774
12.4171,1772
12.4228,1772
12.4285,1772
12.4342,1772
12.4399,1773
12.4456,1772
12.4513,1773
12.457,1773
12.4627,1774
12.4684,1772
12.4741,1773
12.4798,1775
12.4856,1772
12.4913,1772
12.497,1773
12.5027,1774
12.5084,1774
12.5141,1775
12.5198,1774
12.5255,1776
12.5312,1775
12.5369,1773
12.5426,1774
12.5483,1774
12.5541,1773
12.5598,1775
12.5655,1773
12.5712,1774
12.5769,1772
12.5826,1775
12.5883,1774
12.594,1774
12.5997,1773
12.6054,1775
12.6112,1774
12.6169,1775
12.6226,1774
12.6283,1774
12.634,1771
12.6397,1774
12.6454,1775
12.6511,1774
12.6568,1773
12.6625,1773
12.6682,1775
12.674,1775
12.6797,1774
12.6854,1774
12.6911,1772
12.6968,1773
12.7025,1775
12.7082,1774
12.7139,1774
12.7196,1775
12.7253,1772
12.731,1773
12.7367,1776
12.7425,1774
12.7482,1772
12.7539,1775
12.7596,1773
12.7653,1774
12.771,1774
12.7767,1774
12.7824,1774
12.7881,1775
12.7938,1773
12.7996,1775
12.8053,1772
12.811,1773
12.8167,1775
12.8224,1775
12.8281,1774
12.8338,1776
12.8395,1775
12.8452,1774
12.8509,1776
12.8566,1775
12.8623,1775
12.8681,1773
12.8738,1772
12.8795,1774
12.8852,1774
12.8909,1774
12.8966,1789
12.9023,1774
12.908,1775
12.9137,1774
12.9194,1773
12.9252,1774
12.9309,1774
12.9366,1775
12.9423,1774
12.948,1776
12.9537,1776
12.9594,1776
12.9651,1774
12.9708,1775
12.9765,1774
12.9822,1774
12.9879,1775
12.9936,1776
12.9993,1774
13.0051,1776
13.0108,1775
13.0165,1774
13.0222,1772
13.0279,1773
13.0336,1773
13.0393,1773
13.045,1773
13.0507,1773
13.0565,1776
13.0622,1774
13.0679,1775
13.0736,1775
13.0793,1774
13.085,1773
13.0907,1776
13.0964,1774
13.1021,1775
13.1078,1773
13.1136,1774
13.1193,1772
13.125,1773
13.1307,1775
13.1364,1774
13.1421,1773
13.1478,1776
13.1535,1773
13.1592,1776
13.1649,1774
13.1706,1774
13.1763,1774
13.1821,1775
13.1878,1774
13.1935,1775
13.1992,1774
13.2049,1776
13.2106,1774
13.2163,1775
13.222,1774
13.2277,1775
13.2334,1773
13.2391,1776
13.2448,1775
13.2505,1774
13.2563,1774
13.262,1774
13.2677,1773
13.2734,1773
13.2791,1775
13.2848,1775
13.2905,1776
13.2962,1775
13.3019,1775
13.3076,1775
13.3133,1775
13.319,1773
13.3248,1773
13.3305,1773
13.3362,1773
13.3419,1774
13.3476,1775
13.3533,1773
13.359,1774
13.3647,1773
13.3704,1774
13.3761,1772
13.3818,1774
13.3875,1776
13.3932,1773
13.3989,1773
13.4047,1775
13.4104,1776
13.4161,1774
13.4218,1772
13.4275,1775
13.4332,1773
13.4389,1773
13.4446,1776
13.4503,1772
13.456,1773
13.4617,1773
13.4674,1774
13.4731,1776
13.4789,1772
13.4846,1773
13.4903,1773
13.496,1774
13.5017,1775
13.5074,1776
13.5131,1775
13.5188,1775
13.5245,1774
13.5302,1774
13.536,1774
13.5417,1774
13.5474,1774
13.5531,1776
13.5588,1775
13.5645,1774
13.5702,1773
13.5759,1773
13.5816,1774
13.5874,1774
13.5931,1774
13.5988,1774
13.6045,1773
13.6102,1774
13.6159,1773
13.6216,1775
13.6273,1774
13.633,1774
13.6387,1775
13.6444,1774
13.6501,1774
13.6558,1775
13.6615,1774
13.6673,1775
13.673,1776
13.6787,1773
13.6844,1774
13.6901,1774
13.6958,1775
13.7015,1772
13.7072,1775
13.7129,1774
13.7186,1774
13.7243,1775
13.7301,1774
13.7358,1775
13.7415,1772
13.7472,1774
13.7529,1774
13.7586,1774
13.7643,1776
13.77,1775
13.7757,1774
13.7814,1776
13.7871,1775
13.7929,1774
13.7986,1775
13.8043,1774
13.81,1775
13.8157,1773
13.8214,1775
13.8271,1773
13.8328,1773
13.8385,1774
13.8442,1773
13.8499,1774
13.8556,1772
13.8614,1774
13.8671,1772
13.8728,1773
13.8785,1774
13.8842,1775
13.8899,1775
13.8956,1774
13.9013,1773
13.907,1776
13.9127,1773
13.9184,1775
13.9242,1775
13.9299,1774
13.9356,1774
13.9413,1774
13.947,1777
13.9527,1774
13.9584,1774
13.9641,1774
13.9698,1774
13.9755,1774
13.9812,1776
13.9869,1774
13.9927,1774
13.9984,1775
14.0041,1774
14.0098,1774
14.0155,1773
14.0212,1775
14.0269,1774
14.0326,1775
14.0383,1774
14.044,1773
14.0497,1772
14.0554,1774
14.0612,1772
14.0669,1774
14.0726,1773
14.0783,1775
14.084,1776
14.0897,1774
14.0954,1774
14.1011,1777
14.1068,1774
14.1125,1775
14.1182,1773
14.1239,1775
14.1296,1773
14.1354,1774
14.1411,1775
14.1468,1776
14.1525,1775
14.1582,1776
14.1639,1775
14.1696,1774
14.1753,1774
14.181,1774
14.1867,1775
14.1924,1777
14.1981,1772
14.2038,1776
14.2096,1775
14.2153,1772
14.221,1774
14.2267,1774
14.2324,1775
14.2381,1775
14.2438,1775
14.2495,1776
14.2552,1776
14.2609,1775
14.2666,1775
14.2723,1773
14.278,1775
14.2838,1773
14.2895,1775
14.2952,1773
14.3009,1772
14.3066,1774
14.3123,1776
14.318,1773
14.3237,1774
14.3294,1775
14.3351,1774
14.3408,1775
14.3465,1772
14.3523,1774
14.358,1776
14.3637,1775
14.3694,1775
14.3751,1774
14.3808,1774
14.3865,1773
14.3922,1775
14.3979,1772
14.4036,1773
14.4093,1772
14.415,1775
14.4208,1773
14.4265,1775
14.4322,1774
14.4379,1775
14.4436,1775
14.4493,1775
14.455,1772
14.4607,1773
14.4664,1774
14.4721,1774
14.4778,1773
14.4835,1771
14.4893,1772
14.495,1773
14.5007,1774
14.5064,1773
14.5121,1771
14.5178,1774
14.5235,1772
14.5292,1772
14.5349,1773
14.5406,1775
14.5464,1775
14.5521,1772
14.5578,1775
14.5635,1775
14.5692,1771
14.5749,1774
14.5806,1775
14.5863,1773
14.592,1773
14.5977,1773
14.6034,1772
14.6092,1772
14.6149,1771
14.6206,1772
14.6263,1773
14.632,1772
14.6377,1773
14.6434,1774
14.6491,1775
14.6548,1775
14.6605,1774
14.6662,1776
14.6719,1773
14.6777,1776
14.6834,1774
14.6891,1773
14.6948,1775
14.7005,1775
14.7062,1772
14.7119,1774
14.7176,1773
14.7233,1773
14.729,1774
14.7347,1776
14.7404,1775
14.7461,1777
14.7519,1775
14.7576,1774
14.7633,1775
14.769,1773
14.7747,1774
14.7804,1774
14.7861,1774
14.7918,1773
14.7975,1772
14.8032,1772
14.8089,1776
14.8146,1774
14.8204,1775
14.8261,1772
14.8318,1774
14.8375,1771
14.8432,1772
14.8489,1773
14.8546,1774
14.8603,1773
14.866,1774
14.8717,1775
14.8774,1774
14.8831,1773
14.8888,1775
14.8945,1774
14.9002,1775
14.906,1774
14.9117,1773
14.9174,1773
14.9231,1775
14.9288,1774
14.9345,1773
14.9402,1776
14.9459,1774
14.9516,1775
14.9573,1775
14.963,1775
14.9688,1776
14.9745,1775
14.9802,1773
14.9859,1774
14.9916,1774
14.9973,1774
15.003,1775
15.0087,1773
15.0144,1772
15.0202,1775
15.0259,1775
15.0316,1772
15.0373,1773
15.043,1773
15.0487,1774
15.0544,1774
15.0601,1773
15.0658,1774
15.0715,1775
15.0773,1774
15.083,1774
15.0887,1775
15.0944,1772
15.1001,1773
15.1058,1773
15.1115,1774
15.1172,1774
15.1229,1774
15.1286,1773
15.1343,1774
15.14,1773
15.1458,1774
15.1515,1774
15.1572,1773
15.1629,1776
15.1686,1775
15.1743,1776
15.18,1774
15.1857,1774
15.1914,1775
15.1971,1775
15.2028,1776
15.2086,1774
15.2143,1773
15.22,1775
15.2257,1775
15.2314,1775
15.2371,1771
15.2428,1774
15.2485,1775
15.2542,1773
15.2599,1774
15.2656,1776
15.2714,1775
15.2771,1775
15.2828,1775
15.2885,1773
15.2942,1773
15.2999,1774
15.3056,1774
15.3113,1772
15.317,1773
15.3227,1773
15.3284,1773
15.3341,1775
15.3398,1775
15.3456,1775
15.3513,1775
15.357,1775
15.3627,1775
15.3684,1776
15.3741,1773
15.3798,1773
15.3855,1773
15.3912,1774
15.3969,1774
15.4026,1772
15.4083,1776
15.4141,1773
15.4198,1773
15.4255,1776
15.4312,1775
15.4369,1772
15.4426,1774
15.4483,1774
15.454,1775
15.4597,1775
15.4654,1774
15.4711,1774
15.4768,1775
15.4825,1775
15.4883,1774
15.494,1777
15.4997,1776
15.5054,1775
15.5111,1774
15.5168,1775
15.5225,1774
15.5282,1776
15.5339,1776
15.5396,1773
15.5453,1774
15.551,1774
15.5568,1773
15.5625,1774
15.5682,1774
15.5739,1775
15.5796,1772
15.5853,1774
15.591,1773
15.5967,1774
15.6024,1774
15.6081,1775
15.6138,1775
15.6196,1775
15.6253,1775
15.631,1773
15.6367,1773
15.6424,1772
15.6481,1773
15.6538,1774
15.6595,1773
15.6652,1774
15.6709,1773
15.6766,1774
15.6823,1774
15.688,1774
15.6937,1772
15.6994,1773
15.7052,1774
15.7109,1772
15.7166,1775
15.7223,1772
15.728,1775
15.7337,1775
15.7394,1773
15.7451,1773
15.7508,1774
15.7565,1772
15.7622,1775
15.7679,1773
15.7736,1773
15.7794,1772
15.7851,1773
15.7908,1775
15.7965,1773
15.8022,1773
15.8079,1773
15.8136,1774
15.8193,1773
15.825,1772
15.8307,1774
15.8364,1775
15.8422,1776
15.8479,1773
15.8536,1773
15.8593,1775
15.865,1775
15.8707,1775
15.8764,1774
15.8821,1775
15.8878,1775
15.8935,1775
15.8992,1774
15.9049,1774
15.9106,1774
15.9164,1773
15.9221,1774
15.9278,1774
15.9335,1775
15.9392,1774
15.9449,1776
15.9506,1773
15.9563,1775
15.962,1774
15.9677,1774
15.9734,1773
15.9792,1775
15.9849,1773
15.9906,1774
15.9963,1776
16.002,1773
16.0077,1774
16.0134,1775
16.0191,1774
16.0248,1773
16.0305,1775
16.0362,1773
16.0419,1774
16.0477,1774
16.0534,1775
16.0591,1774
16.0648,1774
16.0705,1773
16.0762,1773
16.0819,1773
16.0876,1773
16.0933,1773
16.099,1773
16.1047,1776
16.1104,1773
16.1161,1775
16.1219,1774
16.1276,1775
16.1333,1774
16.139,1775
16.1447,1774
16.1504,1774
16.1561,1776
16.1618,1773
16.1675,1775
16.1732,1775
16.1789,1774
16.1847,1775
16.1904,1776
16.1961,1774
16.2018,1774
16.2075,1774
16.2132,1772
16.2189,1776
16.2246,1772
16.2303,1774
16.2361,1773
16.2418,1773
16.2475,1772
16.2532,1773
16.2589,1771
16.2646,1776
16.2703,1774
16.276,1774
16.2817,1775
16.2874,1774
16.2932,1773
16.2989,1774
16.3046,1772
16.3103,1775
16.316,1774
16.3217,1774
16.3274,1774
16.3331,1774
16.3388,1774
16.3445,1775
16.3502,1773
16.356,1774
16.3617,1776
16.3674,1774
16.3731,1774
16.3788,1773
16.3845,1773
16.3902,1772
16.3959,1773
16.4016,1771
16.4073,1774
16.413,1775
16.4187,1774
16.4244,1772
16.4302,1774
16.4359,1774
16.4416,1772
16.4473,1774
16.453,1773
16.4587,1775
16.4644,1774
16.4701,1775
16.4758,1774
16.4816,1774
16.4873,1774
16.493,1774
16.4987,1775
16.5044,1775
16.5101,1775
16.5158,1773
16.5215,1774
16.5272,1774
16.5329,1775
16.5386,1774
16.5443,1774
16.5501,1774
16.5558,1774
16.5615,1773
16.5672,1773
16.5729,1774
16.5786,1772
16.5843,1773
16.59,1773
16.5957,1775
16.6014,1774
16.6072,1772
16.6129,1775
16.6186,1775
16.6243,1774
16.63,1774
16.6357,1774
16.6414,1771
16.6471,1773
16.6528,1774
16.6585,1774
16.6642,1773
16.6699,1773
16.6757,1774
16.6814,1775
16.6871,1775
16.6928,1772
16.6985,1772
16.7042,1774
16.7099,1770
16.7156,1772
16.7213,1773
16.727,1774
16.7328,1773
16.7385,1773
16.7442,1772
16.7499,1771
16.7556,1772
16.7613,1774
16.767,1775
16.7727,1775
16.7784,1775
16.7841,1773
16.7898,1772
16.7955,1774
16.8013,1773
16.807,1774
16.8127,1774
16.8184,1775
16.8241,1774
16.8298,1775
16.8355,1772
16.8412,1774
16.8469,1771
16.8526,1773
16.8583,1775
16.864,1775
16.8698,1773
16.8755,1773
16.8812,1774
16.8869,1774
16.8926,1772
16.8983,1774
16.904,1773
16.9097,1772
16.9154,1773
16.9211,1773
16.9268,1774
16.9325,1774
16.9383,1775
16.944,1774
16.9497,1772
16.9554,1774
16.9611,1774
16.9668,1775
