0.0103,-11.557296829498625
0.0161,-11.576584905115212
0.0219,-11.538008753882039
0.0277,-11.557296829498625
0.0335,-11.538008753882039
0.0393,-11.557296829498625
0.045,-11.538008753882039
0.0507,-11.538008753882039
0.0564,-11.538008753882039
0.062,-11.557296829498625
0.0677,-11.518720678265467
0.0734,-11.49943260264888
0.0791,-11.557296829498625
0.0848,-11.538008753882039
0.0905,-11.576584905115212
0.0962,-11.557296829498625
0.1019,-11.557296829498625
0.1076,-11.538008753882039
0.1133,-11.538008753882039
0.119,-11.538008753882039
0.1248,-11.557296829498625
0.1304,-11.518720678265467
0.1361,-11.557296829498625
0.1418,-11.518720678265467
0.1475,-11.538008753882039
0.1532,-11.557296829498625
0.1589,-11.518720678265467
0.1646,-11.557296829498625
0.1703,-11.49943260264888
0.176,-11.538008753882039
0.1817,-11.576584905115212
0.1874,-11.518720678265467
0.1931,-11.538008753882039
0.1987,-11.538008753882039
0.2044,-11.538008753882039
0.2101,-11.518720678265467
0.2158,-11.538008753882039
0.2215,-11.557296829498625
0.2272,-11.538008753882039
0.2329,-11.538008753882039
0.2386,-11.518720678265467
0.2443,-11.557296829498625
0.25,-11.518720678265467
0.2557,-11.576584905115212
0.2614,-11.538008753882039
0.267,-11.538008753882039
0.2727,-11.557296829498625
0.2784,-11.538008753882039
0.2841,-11.576584905115212
0.2898,-11.518720678265467
0.2955,-11.576584905115212
0.302,-11.538008753882039
0.3069,-11.576584905115212
0.3126,-11.518720678265467
0.3183,-11.576584905115212
0.3239,-11.557296829498625
0.3296,-11.557296829498625
0.3353,-11.538008753882039
0.341,-11.557296829498625
0.3467,-11.538008753882039
0.3523,-11.518720678265467
0.358,-11.538008753882039
0.3645,-11.557296829498625
0.3693,-11.538008753882039
0.375,-11.518720678265467
0.3814,-11.518720678265467
0.3871,-11.557296829498625
0.3929,-11.518720678265467
0.4017,-11.538008753882039
0.4058,-11.557296829498625
0.4108,-11.557296829498625
0.4174,-11.557296829498625
0.423,-11.557296829498625
0.4282,-11.576584905115212
0.4339,-11.538008753882039
0.4396,-11.538008753882039
0.4453,-11.538008753882039
0.451,-11.557296829498625
0.4567,-11.538008753882039
