0.0103,32.953289864000006
0.0161,33.061184600000004
0.0219,33.007237232
0.0277,33.007237232
0.0335,33.061184600000004
0.0393,33.061184600000004
0.045,33.061184600000004
0.0507,33.007237232
0.0564,33.007237232
0.062,33.034210916000006
0.0677,33.061184600000004
0.0734,32.980263548
0.0791,33.007237232
0.0848,33.007237232
0.0905,33.061184600000004
0.0962,33.007237232
0.1019,33.034210916000006
0.1076,33.007237232
0.1133,33.007237232
0.119,33.007237232
0.1248,33.034210916000006
0.1304,33.061184600000004
0.1361,33.007237232
0.1418,33.034210916000006
0.1475,33.007237232
0.1532,33.061184600000004
0.1589,33.034210916000006
0.1646,32.953289864000006
0.1703,33.007237232
0.176,33.115131968
0.1817,33.034210916000006
0.1874,33.007237232
0.1931,33.007237232
0.1987,33.034210916000006
0.2044,33.007237232
0.2101,33.061184600000004
0.2158,33.061184600000004
0.2215,32.980263548
0.2272,33.142105652000005
0.2329,33.034210916000006
0.2386,32.980263548
0.2443,33.034210916000006
0.25,33.034210916000006
0.2557,32.953289864000006
0.2614,33.034210916000006
0.267,33.061184600000004
0.2727,33.007237232
0.2784,33.007237232
0.2841,33.034210916000006
0.2898,32.899342496
0.2955,32.683553024000005
0.302,32.818421444
0.3069,33.627631964
0.3126,34.194079328
0.3183,34.787500376000004
0.3239,35.219079320000006
0.3296,35.650658264
0.3353,36.055263524000004
0.341,36.378947732
0.3467,36.675658256000006
0.3523,36.972368780000004
0.358,37.29605298800001
0.3645,37.56578982800001
0.3693,37.1072372
0.375,36.486842468000006
0.3814,35.974342472000004
0.3871,35.650658264
0.3929,35.731579316
0.4017,36.70263194
0.4058,36.999342464
0.4108,36.459868784
0.4174,36.217105628000006
0.423,35.83947405200001
0.4282,36.325000364000005
0.4339,36.4328951
0.4396,36.29802668000001
0.4453,36.271052996
0.451,36.351974048
0.4567,36.405921416000005
