0.0103,28.004918607999997
0.0161,28.058470519999993
0.0219,28.03169456399999
0.0277,28.085246475999995
0.0335,28.004918607999997
0.0393,28.085246475999995
0.045,28.03169456399999
0.0507,28.004918607999997
0.0564,28.058470519999993
0.062,28.112022431999996
0.0677,28.058470519999993
0.0734,28.03169456399999
0.0791,28.058470519999993
0.0848,28.058470519999993
0.0905,28.058470519999993
0.0962,28.058470519999993
0.1019,28.004918607999997
0.1076,28.004918607999997
0.1133,28.058470519999993
0.119,28.004918607999997
0.1248,28.004918607999997
0.1304,28.058470519999993
0.1361,28.03169456399999
0.1418,28.004918607999997
0.1475,28.004918607999997
0.1532,28.004918607999997
0.1589,28.085246475999995
0.1646,28.058470519999993
0.1703,28.03169456399999
0.176,28.085246475999995
0.1817,28.058470519999993
0.1874,28.03169456399999
0.1931,28.058470519999993
0.1987,28.004918607999997
0.2044,28.004918607999997
0.2101,28.03169456399999
0.2158,28.004918607999997
0.2215,28.03169456399999
0.2272,28.085246475999995
0.2329,28.085246475999995
0.2386,28.004918607999997
0.2443,28.03169456399999
0.25,27.978142651999995
0.2557,28.004918607999997
0.2614,28.03169456399999
0.267,28.004918607999997
0.2727,28.004918607999997
0.2784,28.004918607999997
0.2841,28.03169456399999
0.2898,28.058470519999993
0.2955,28.004918607999997
0.302,28.058470519999993
0.3069,28.433333903999994
0.3126,28.995628979999992
0.3183,29.397268319999995
0.3239,29.852459571999994
0.3296,30.254098911999996
0.3353,30.548634427999993
0.341,30.86994589999999
0.3467,31.218033327999997
0.3523,31.405465019999994
0.358,31.726776491999992
0.3645,32.021312007999995
0.3693,31.94098413999999
0.375,31.673224579999996
0.3814,31.48579288799999
0.3871,31.24480928399999
0.3929,31.191257371999995
0.4017,31.70000053599999
0.4058,31.994536051999994
0.4108,31.94098413999999
0.4174,31.753552447999994
0.423,31.539344799999995
0.4282,31.70000053599999
0.4339,31.94098413999999
0.4396,31.780328403999995
0.4453,31.83388031599999
0.451,31.83388031599999
0.4567,31.780328403999995
