0.0103,30.002580203
0.0161,29.945806009000002
0.0219,30.059354397000007
0.0277,29.974193106
0.0335,30.030967300000007
0.0393,30.030967300000007
0.045,30.087741494000007
0.0507,30.002580203
0.0564,30.030967300000007
0.062,30.002580203
0.0677,30.030967300000007
0.0734,30.002580203
0.0791,29.974193106
0.0848,29.974193106
0.0905,30.030967300000007
0.0962,30.059354397000007
0.1019,30.030967300000007
0.1076,29.974193106
0.1133,30.002580203
0.119,30.002580203
0.1248,30.002580203
0.1304,30.030967300000007
0.1361,30.002580203
0.1418,30.002580203
0.1475,30.002580203
0.1532,30.030967300000007
0.1589,30.002580203
0.1646,29.974193106
0.1703,30.002580203
0.176,30.030967300000007
0.1817,30.030967300000007
0.1874,30.030967300000007
0.1931,30.059354397000007
0.1987,29.974193106
0.2044,29.974193106
0.2101,30.002580203
0.2158,30.002580203
0.2215,30.002580203
0.2272,30.030967300000007
0.2329,30.002580203
0.2386,30.002580203
0.2443,30.087741494000007
0.25,30.002580203
0.2557,30.030967300000007
0.2614,30.030967300000007
0.267,29.974193106
0.2727,30.059354397000007
0.2784,29.945806009000002
0.2841,30.030967300000007
0.2898,29.974193106
0.2955,29.803870524000004
0.302,30.002580203
0.3069,30.655483434000004
0.3126,31.336773762000007
0.3183,31.876128605000005
0.3239,32.415483448
0.3296,32.869677
0.3353,33.323870552
0.341,33.692902813
0.3467,34.090322171000004
0.3523,34.402580238000006
0.358,34.77161249900001
0.3645,35.112257663
0.3693,34.828386693000006
0.375,34.402580238000006
0.3814,33.976773783000006
0.3871,33.579354425000005
0.3929,33.550967328000006
0.4017,34.402580238000006
0.4058,34.714838305
0.4108,34.459354432000005
0.4174,34.118709268
0.423,33.806451201
0.4282,34.118709268
0.4339,34.203870559
0.4396,34.260644753
0.4453,34.232257656
0.451,34.147096365
0.4567,34.232257656
