0.0003,25.492000000000004
0.004,25.387999999999998
0.007,25.492000000000004
0.0128,25.466
0.0186,25.492000000000004
0.0245,25.440000000000005
0.0301,25.518
0.0358,25.466
0.0415,25.492000000000004
0.0472,25.466
0.0529,25.387999999999998
0.0586,25.466
0.0643,25.440000000000005
0.07,25.440000000000005
0.0757,25.466
0.0814,25.518
0.0871,25.518
0.0928,25.492000000000004
0.0984,25.518
0.1041,25.518
0.1098,25.518
0.1155,25.544000000000004
0.1212,25.596000000000004
0.1269,25.57
0.1326,25.622
0.1383,25.57
0.144,25.622
0.1497,25.596000000000004
0.1554,25.674
0.161,25.648000000000003
0.1667,25.622
0.1724,25.700000000000003
0.1781,25.674
0.1838,25.700000000000003
0.1895,25.752000000000002
0.1952,25.726
0.2009,25.752000000000002
0.2066,25.752000000000002
0.2123,25.778
0.218,25.804000000000002
0.2237,25.83
0.2294,25.83
0.2351,25.83
0.2408,25.83
0.2465,25.83
0.2522,25.856
0.2579,25.882000000000005
0.2635,25.934000000000005
0.2692,25.96
0.2749,25.908
0.2806,25.96
0.2863,25.986000000000004
0.292,25.986000000000004
0.2977,26.012
0.3034,26.012
0.3091,26.064
0.3148,26.090000000000003
0.3205,26.038000000000004
0.3262,26.116
0.3319,26.064
0.3375,26.116
0.3432,26.090000000000003
0.3489,26.142000000000003
0.3546,26.168
0.3603,26.194000000000003
0.366,26.22
0.3717,26.22
0.3774,26.22
0.3831,26.246000000000002
0.3888,26.272
0.3945,26.246000000000002
0.4002,26.298000000000002
0.4059,26.35
0.4115,26.272
0.4172,26.35
0.4229,26.323999999999998
0.4286,26.402
0.4343,26.376000000000005
0.44,26.376000000000005
0.4457,26.402
0.4514,26.402
0.4571,26.402
0.4628,26.428000000000004
0.4685,26.454
0.4742,26.480000000000004
0.4799,26.454
0.4856,26.480000000000004
0.4913,26.532000000000004
0.497,26.480000000000004
0.5027,26.558
0.5084,26.61
0.5141,26.532000000000004
0.5198,26.558
0.5255,26.558
0.5312,26.636000000000003
0.5369,26.558
0.5425,26.61
0.5482,26.584000000000003
0.5539,26.636000000000003
0.5596,26.688000000000002
0.5653,26.636000000000003
0.571,26.714
0.5767,26.662
0.5824,26.740000000000002
0.5881,26.714
0.5938,26.714
0.5995,26.766
0.6052,26.740000000000002
0.6109,26.818000000000005
0.6166,26.740000000000002
0.6223,26.766
0.628,26.714
0.6337,26.740000000000002
0.6393,26.844
0.645,26.792
0.6507,26.818000000000005
0.6564,26.818000000000005
0.6621,26.870000000000005
0.6678,26.870000000000005
0.6735,26.870000000000005
0.6792,26.870000000000005
0.6849,26.896
0.6906,26.896
0.6963,26.948
0.702,26.922000000000004
0.7077,26.870000000000005
0.7134,26.948
0.7191,26.896
0.7248,26.948
0.7305,26.974000000000004
0.7362,26.948
0.7419,26.974000000000004
0.7476,27.026000000000003
0.7533,26.974000000000004
0.7589,27.0
0.7646,26.974000000000004
0.7703,26.974000000000004
0.776,27.052
0.7817,27.026000000000003
0.7874,27.052
0.7931,27.052
0.7988,27.052
0.8045,27.104
0.8102,27.052
0.8159,27.130000000000003
0.8216,27.078000000000003
0.8273,27.104
0.833,27.130000000000003
0.8387,27.104
0.8444,27.104
0.8501,27.156
0.8558,27.208
0.8614,27.130000000000003
0.8671,27.156
0.8728,27.208
0.8785,27.208
0.8842,27.156
0.8899,27.208
0.8956,27.208
0.9013,27.208
0.907,27.234
0.9127,27.234
0.9184,27.234
