0.0103,31.100000633999997
0.0161,31.000000635
0.0219,31.066667301000003
0.0277,31.066667301000003
0.0335,31.000000635
0.0393,30.966667301999998
0.045,31.000000635
0.0507,30.966667301999998
0.0564,31.033333968
0.062,31.066667301000003
0.0677,31.000000635
0.0734,30.966667301999998
0.0791,31.000000635
0.0848,31.000000635
0.0905,31.000000635
0.0962,31.033333968
0.1019,31.000000635
0.1076,31.000000635
0.1133,31.066667301000003
0.119,31.066667301000003
0.1248,31.066667301000003
0.1304,30.966667301999998
0.1361,31.000000635
0.1418,31.033333968
0.1475,31.033333968
0.1532,31.100000633999997
0.1589,30.966667301999998
0.1646,31.000000635
0.1703,31.033333968
0.176,31.000000635
0.1817,31.066667301000003
0.1874,30.966667301999998
0.1931,31.066667301000003
0.1987,31.066667301000003
0.2044,31.133333967
0.2101,30.966667301999998
0.2158,31.033333968
0.2215,31.033333968
0.2272,31.100000633999997
0.2329,30.966667301999998
0.2386,31.033333968
0.2443,31.000000635
0.25,31.066667301000003
0.2557,31.000000635
0.2614,31.000000635
0.267,31.100000633999997
0.2727,31.066667301000003
0.2784,30.966667301999998
0.2841,31.033333968
0.2898,30.900000636
0.2955,30.833333969999998
0.302,30.733333971
0.3069,31.433333964
0.3126,32.133333957
0.3183,32.633333952
0.3239,33.233333946
0.3296,33.633333942
0.3353,34.100000604
0.341,34.5000006
0.3467,34.800000597
0.3523,35.16666726
0.358,35.50000059
0.3645,35.966667252
0.3693,35.766667254
0.375,35.16666726
0.3814,34.700000598
0.3871,34.366667268
0.3929,34.300000602
0.4017,35.16666726
0.4058,35.533333923
0.4108,35.233333926
0.4174,34.866667263000004
0.423,34.533333933
0.4282,34.766667264
0.4339,35.100000594
0.4396,35.133333927
0.4453,34.966667262
0.451,34.966667262
0.4567,35.066667261
