0.0046,30.040131992000006
0.0103,29.986184624000003
0.0161,30.094079360000002
0.0218,30.040131992000006
0.0275,30.040131992000006
0.0332,30.067105676000004
0.0389,30.040131992000006
0.0446,29.986184624000003
0.0503,30.040131992000006
0.056,30.121053044
0.0618,30.040131992000006
0.0675,30.094079360000002
0.0737,30.013158308
0.0788,30.094079360000002
0.0845,30.040131992000006
0.0902,30.067105676000004
0.096,30.094079360000002
0.1017,30.013158308
0.1074,30.040131992000006
0.1131,30.013158308
0.1188,30.067105676000004
0.1245,30.040131992000006
0.1302,30.040131992000006
0.136,30.067105676000004
0.1417,30.094079360000002
0.1474,30.067105676000004
0.1531,30.013158308
0.1588,30.094079360000002
0.1713,30.040131992000006
0.177,30.094079360000002
0.1827,30.148026728000005
0.1884,29.986184624000003
0.1941,30.067105676000004
0.1998,30.013158308
0.2055,30.040131992000006
0.2113,30.067105676000004
0.217,30.013158308
0.2227,30.040131992000006
0.2284,30.040131992000006
0.2341,30.067105676000004
0.2398,30.040131992000006
0.2455,30.013158308
0.2513,30.040131992000006
0.257,30.013158308
0.2627,30.067105676000004
0.2684,30.067105676000004
0.2741,30.040131992000006
0.2798,30.013158308
0.2855,30.067105676000004
0.2913,30.067105676000004
0.297,30.040131992000006
0.3027,30.067105676000004
0.3084,30.013158308
0.3141,30.121053044
0.3198,30.013158308
0.3255,30.094079360000002
0.3313,30.013158308
0.337,30.094079360000002
0.3427,30.067105676000004
0.3484,30.040131992000006
0.3541,30.040131992000006
0.3598,30.067105676000004
0.3655,30.013158308
0.3713,30.067105676000004
0.377,30.094079360000002
0.3827,30.040131992000006
0.3884,30.067105676000004
0.3941,30.094079360000002
0.3998,30.067105676000004
0.4055,30.121053044
0.4113,30.067105676000004
0.417,30.094079360000002
0.4227,30.040131992000006
0.4284,30.094079360000002
0.4341,30.067105676000004
0.4398,30.013158308
0.4455,30.040131992000006
0.4513,30.040131992000006
0.457,30.040131992000006
0.4627,30.040131992000006
0.4684,30.067105676000004
0.4741,30.040131992000006
0.4798,30.094079360000002
0.4855,30.013158308
0.4913,30.040131992000006
0.497,29.986184624000003
0.5027,30.067105676000004
0.5084,30.067105676000004
0.5141,30.040131992000006
0.5198,30.094079360000002
0.5255,30.040131992000006
0.5313,30.040131992000006
0.537,30.067105676000004
0.5427,29.986184624000003
0.5484,30.040131992000006
0.5541,29.986184624000003
0.5598,30.013158308
0.5655,30.040131992000006
0.5713,30.040131992000006
0.577,30.040131992000006
0.5827,30.013158308
0.5884,30.094079360000002
0.5941,30.067105676000004
0.5998,30.040131992000006
0.6055,30.040131992000006
0.6113,30.094079360000002
0.617,30.067105676000004
0.6227,30.040131992000006
0.6284,30.040131992000006
0.6341,30.040131992000006
0.6398,30.067105676000004
0.6455,30.040131992000006
0.6513,30.040131992000006
0.657,30.067105676000004
0.6627,30.013158308
0.6684,30.013158308
0.6741,30.013158308
0.6798,30.013158308
0.6855,30.013158308
0.6913,30.013158308
0.697,30.040131992000006
0.7027,30.040131992000006
0.7084,30.067105676000004
0.7141,30.121053044
0.7198,30.040131992000006
0.7255,30.040131992000006
0.7313,30.040131992000006
0.737,30.013158308
0.7427,29.986184624000003
0.7484,30.040131992000006
0.7541,30.040131992000006
0.7598,30.013158308
0.7655,30.067105676000004
0.7713,30.013158308
0.777,30.013158308
0.7827,30.013158308
0.7884,30.040131992000006
0.7941,30.040131992000006
0.7998,30.067105676000004
0.8055,30.094079360000002
0.8113,30.094079360000002
0.817,30.094079360000002
0.8227,30.067105676000004
0.8284,30.040131992000006
0.8341,30.067105676000004
0.8398,29.986184624000003
0.8455,30.040131992000006
0.8513,30.013158308
0.857,30.013158308
0.8627,29.959210940000006
0.8684,30.040131992000006
0.8741,30.013158308
0.8798,30.067105676000004
0.8855,30.013158308
0.8913,30.013158308
0.897,30.067105676000004
0.9027,30.040131992000006
