0.0004,64342
0.003,64310
0.0061,64327
0.0119,65105
0.0177,64323
0.0235,64262
0.0292,64270
0.035,64259
0.0407,64265
0.0464,64253
0.0521,64256
0.0578,64254
0.0635,64296
0.0692,64280
0.0749,64292
0.0806,64278
0.0864,64272
0.0921,64290
0.0978,64261
0.1035,64238
0.1092,64244
0.1149,64248
0.1206,64246
0.1263,64708
0.132,64713
0.1377,64427
0.1434,64271
0.1491,64376
0.1549,64322
0.1606,64340
0.1663,64323
0.172,64275
0.1777,64333
0.1834,64282
0.1891,64289
0.1948,64289
0.2005,64297
0.2062,64281
0.2119,64284
0.2176,64289
0.2233,64331
0.2291,64337
0.2348,64370
0.2405,64342
0.2462,64290
0.2519,64291
0.2576,64335
0.2633,64330
0.269,64348
0.2747,64334
0.2804,64325
0.2861,64318
0.2918,64295
0.2976,64309
0.3033,64297
0.309,64323
0.3147,64357
0.3204,64350
0.3261,64356
0.3318,64353
0.3375,64422
0.3432,64331
0.3489,64348
0.3546,64390
0.3604,64397
0.3661,64362
0.3718,64337
0.3775,64366
0.3832,64401
0.3889,64371
0.3946,64362
0.4003,64342
0.406,64369
0.4117,64369
0.4174,64385
0.4232,64354
0.4289,64365
0.4346,64353
0.4403,64354
0.446,64357
0.4517,64358
0.4574,64350
0.4631,64355
0.4688,64356
0.4745,64345
0.4802,64349
0.4859,64358
0.4917,64355
0.4974,64356
0.5031,64374
0.5088,64370
0.5145,64348
0.5202,64379
0.5259,64380
0.5316,64372
0.5373,64372
0.543,64385
0.5487,64385
0.5544,64387
0.5602,64376
0.5659,64384
0.5716,64370
0.5773,64382
0.583,64383
0.5887,64394
0.5944,64387
0.6001,64394
0.6058,64388
0.6115,64409
0.6172,64399
0.6229,64399
0.6287,64409
0.6344,64432
0.6401,64422
0.6458,64429
0.6515,64409
0.6572,64393
0.6629,64387
0.6686,64376
0.6743,64374
0.6801,64388
0.6858,64387
0.6915,64394
0.6972,64393
0.7029,64402
0.7086,64934
0.7143,64387
0.72,64399
0.7257,64349
0.7314,64374
0.7371,64370
0.7429,64366
0.7486,64379
0.7543,64421
0.76,64383
0.7657,63881
0.7714,64404
0.7771,64409
0.7828,64408
0.7885,64402
0.7942,64389
0.7999,64379
0.8057,64389
0.8114,64382
0.8171,64390
0.8228,64452
0.8285,64647
0.8342,64395
0.8399,64405
0.8456,64408
0.8513,64436
0.857,64432
0.8627,64416
0.8684,64392
0.8741,64437
0.8799,64438
0.8856,64443
0.8913,64463
0.897,64419
0.9027,64415
0.9084,64420
0.9141,64414
0.9198,64469
0.9255,64431
0.9312,64407
0.9369,64461
0.9426,64433
0.9483,64443
0.9541,64447
0.9598,64449
0.9655,64436
0.9712,64454
0.9769,64494
0.9826,64502
0.9883,64450
0.994,64464
0.9997,64467
1.0055,64460
1.0112,64460
1.0169,64463
1.0226,64468
1.0283,64462
1.034,64542
1.0397,64465
1.0454,64466
1.0511,64470
1.0568,64472
1.0625,64479
1.0682,64485
1.074,64519
1.0797,64495
1.0854,64506
1.0911,64501
1.0968,64503
1.1025,64516
1.1082,64502
1.1139,64517
1.1196,64526
1.1254,64522
1.1311,64518
1.1368,64522
1.1425,64506
1.1482,64508
1.1539,64514
1.1596,64522
1.1653,64517
1.171,64524
1.1767,64511
1.1824,64516
1.1882,64515
1.1939,64520
1.1996,64516
1.2053,64532
1.211,64536
1.2167,64538
1.2224,64534
1.2281,64535
1.2338,64543
1.2395,64556
1.2452,64547
1.251,63080
1.2567,64556
1.2624,64556
1.2681,64562
1.2738,64567
1.2795,64568
1.2853,64573
1.291,64572
1.2967,64573
1.3024,64595
1.3081,64569
1.3138,64590
1.3195,64585
1.3252,64592
1.3309,64590
1.3366,64602
1.3423,64593
1.348,64594
1.3538,64596
1.3595,64600
1.3652,64607
1.3709,64604
1.3766,64611
1.3823,64613
1.388,64615
1.3937,64615
1.3994,64611
1.4051,64625
1.4108,63732
1.4166,64629
1.4223,64625
1.428,64632
1.4337,64624
1.4394,64639
1.4451,64640
1.4508,64640
1.4565,64647
1.4622,64656
1.468,64643
1.4737,64645
1.4794,64647
1.4851,64400
1.4908,64295
1.4965,64682
1.5022,64659
1.508,64658
1.5137,64701
1.5194,64672
1.5251,64672
1.5308,64692
1.5365,64699
1.5422,64697
1.5479,64711
1.5536,64691
1.5593,64711
1.565,64706
1.5708,64704
1.5765,64714
1.5822,64843
1.5879,64581
1.5936,64700
1.5993,64703
1.605,64713
1.6107,64714
1.6164,64717
1.6221,64720
1.6278,64719
1.6335,64721
1.6392,64733
1.6449,64731
1.6507,64742
1.6564,64740
1.6621,64738
1.6678,64743
1.6735,64749
1.6792,64755
1.6849,64755
1.6906,64762
1.6963,64769
1.702,64766
1.7077,64767
1.7135,64779
1.7192,64778
1.7249,64783
1.7306,64790
1.7363,64785
1.742,64785
1.7477,64790
1.7534,64799
1.7591,64803
1.7648,64804
1.7706,64814
1.7763,64816
1.782,64813
1.7877,64810
1.7934,64813
1.7991,65492
1.8049,65472
1.8106,65489
1.8163,65492
1.822,65485
1.8277,65494
1.8334,65495
1.8391,65499
1.8448,65496
1.8505,65486
1.8563,65502
1.862,65500
1.8677,65503
1.8734,65504
1.8791,65508
1.8848,65508
1.8905,65509
1.8962,65495
1.9019,65507
1.9076,65506
1.9133,65502
1.919,65508
1.9248,65504
1.9305,65506
1.9362,65507
1.9419,65496
1.9476,65507
1.9533,65507
1.959,65508
1.9647,65508
1.9704,65508
1.9761,65507
1.9818,65509
1.9875,65499
1.9933,65509
1.999,65508
2.0047,65508
2.0104,65510
2.0161,65510
2.0218,65507
2.0275,65509
2.0332,65499
2.0389,65509
2.0446,65508
2.0503,65508
2.0561,65509
2.0618,65509
2.0675,65509
2.0732,65508
2.0789,65504
2.0846,65508
2.0903,65508
2.096,65509
2.1017,65508
2.1074,64895
2.1131,64904
2.1188,64896
2.1245,64901
2.1303,64900
2.136,64910
2.1417,64905
2.1474,64903
2.1531,64909
2.1588,64904
2.1645,64908
2.1702,64913
2.1759,64917
2.1816,64909
2.1873,64911
2.193,64912
2.1987,64917
2.2045,65508
2.2102,65507
2.2159,65507
2.2216,65508
2.2273,65508
2.233,65509
2.2387,65508
2.2444,65508
2.2501,65507
2.2558,65507
2.2615,65503
2.2672,65508
2.273,65509
2.2787,65509
2.2844,65506
2.2901,65508
2.2958,65509
2.3015,65507
2.3072,65506
2.3129,65509
2.3186,65506
2.3243,65508
2.33,65508
2.3357,65509
2.3415,65507
2.3472,65506
2.3529,65502
2.3586,65510
2.3643,65506
2.37,65507
2.3757,65508
2.3814,65509
2.3871,65509
2.3928,65508
2.3985,65502
2.4042,65510
2.41,65509
2.4157,65508
2.4214,65509
2.4271,65509
2.4328,65511
2.4385,65509
2.4442,65504
2.4499,65507
2.4556,65511
2.4613,65508
2.4671,65507
2.4728,65510
2.4785,65510
2.4842,65508
2.4899,65507
2.4956,65508
2.5013,65507
2.507,65507
2.5128,65506
2.5185,65510
2.5242,65507
2.5299,65508
2.5356,65506
2.5413,65509
2.547,65510
2.5527,65510
2.5584,65512
2.5641,65509
2.5698,65510
2.5755,65510
2.5812,65509
2.587,65509
2.5927,65509
2.5984,65510
2.6041,65510
2.6098,65508
2.6155,65509
2.6212,65510
2.6269,65505
2.6326,65509
2.6383,65507
2.644,65507
2.6497,65509
2.6555,65507
2.6612,65509
2.6669,65508
2.6726,65506
2.6783,65510
2.684,65509
2.6897,65509
2.6954,65510
2.7011,65506
2.7068,65504
2.7125,65508
2.7182,65503
2.7239,65509
2.7296,65509
2.7354,65506
2.7411,65508
2.7468,65506
2.7525,65509
2.7582,65509
2.7639,65505
2.7696,65506
2.7753,65508
2.781,65510
2.7867,65509
2.7924,65507
2.7981,65507
2.8038,65507
2.8095,65509
2.8153,65507
2.821,65509
2.8267,65510
2.8324,65511
2.8381,65507
2.8438,65507
2.8495,65507
2.8552,65505
2.8609,65505
2.8667,65506
2.8724,65506
2.8781,65510
2.8838,65504
2.8895,65507
2.8952,65508
2.9009,65504
2.9066,65507
2.9123,65507
2.918,65508
2.9237,65512
2.9294,65509
2.9351,65508
2.9409,65506
2.9466,65502
2.9523,65509
2.958,65507
2.9637,65507
2.9694,65505
2.9751,65506
2.9808,65507
2.9865,65504
2.9922,65502
2.998,65508
3.0037,65505
3.0094,65506
3.0151,65503
3.0208,65505
3.0265,65508
3.0322,65506
3.0379,65500
3.0436,65504
3.0493,65508
3.0551,65507
3.0608,65509
3.0665,65507
3.0722,65508
3.0779,65510
3.0836,65504
3.0893,65510
3.095,65508
3.1007,65507
3.1064,65509
3.1121,65509
3.1178,65505
3.1235,65506
3.1292,65506
3.1349,65508
3.1406,65506
3.1464,65507
3.1521,65507
3.1578,65511
3.1635,65509
3.1692,65509
3.1749,65507
3.1806,65510
3.1863,65508
3.192,65506
3.1977,65511
3.2034,65508
3.2092,65510
3.2149,65510
3.2206,65503
3.2263,65509
3.232,65509
3.2377,65507
3.2434,65508
3.2491,65509
3.2548,65509
3.2605,65507
3.2662,65502
3.2719,65507
3.2776,65509
3.2834,65510
3.2891,65507
3.2948,65505
3.3005,65507
3.3062,65508
3.3119,65506
3.3176,65508
3.3233,65509
3.329,65510
3.3347,65508
3.3404,65508
3.3461,65506
3.3519,65508
3.3576,65506
3.3633,65510
3.369,65510
3.3747,65509
3.3804,65507
3.3861,65507
3.3918,65509
3.3975,65509
3.4032,65507
3.4089,65506
3.4146,65506
3.4203,65511
3.4261,65507
3.4318,65507
3.4375,65508
3.4432,65506
3.4489,65503
3.4546,65507
3.4603,65506
3.466,65507
3.4717,65507
3.4774,65508
3.4831,65505
3.4889,65510
3.4946,65506
3.5003,65507
3.506,65508
3.5117,65505
3.5174,65506
3.5231,65507
3.5288,65508
3.5345,65508
3.5402,65502
3.5459,65508
3.5516,65505
3.5573,65504
3.563,65505
3.5688,65507
3.5745,65506
3.5802,65510
3.5859,65507
3.5916,65508
3.5973,65513
3.603,65509
3.6087,65510
3.6144,65509
3.6201,65510
3.6258,65509
3.6315,65507
3.6372,65510
3.6429,65511
3.6487,65510
3.6544,65511
3.6601,65511
3.6658,65509
3.6715,65507
3.6772,65504
3.6829,65510
3.6886,65509
3.6943,65506
3.7,65509
3.7057,65510
3.7114,65510
3.7172,65509
3.7229,65506
3.7286,65506
3.7343,65502
3.74,65508
3.7457,65509
3.7514,65511
3.7571,65508
3.7628,65510
3.7685,65504
3.7743,65511
3.78,65505
3.7857,65508
3.7914,65506
3.7971,65508
3.8028,65508
3.8085,65509
3.8142,65507
3.8199,65508
3.8257,65511
3.8314,65507
3.8371,65510
3.8428,65510
3.8485,65508
3.8542,65509
3.8599,65506
3.8656,65509
3.8713,65508
3.877,65511
3.8827,65506
3.8884,65507
3.8942,65510
3.8999,65508
3.9056,65507
3.9113,65509
3.917,65506
3.9227,65510
3.9284,65509
3.9341,65510
3.9398,65508
3.9455,65509
3.9513,65506
3.957,65508
3.9627,65507
3.9684,65505
3.9741,65508
3.9798,65511
3.9855,65509
3.9912,65508
3.9969,65507
4.0026,65508
4.0084,65510
4.0141,65508
4.0198,65508
4.0255,65510
4.0312,65508
4.0369,65509
4.0426,65506
4.0483,65510
4.054,65508
4.0597,65507
4.0654,65507
4.0712,65507
4.0769,65510
4.0826,65508
4.0883,65508
4.094,65509
4.0997,65509
4.1054,65508
4.1111,65511
4.1168,65510
4.1225,65508
4.1282,65506
4.134,65507
4.1397,65508
4.1454,65508
4.1511,65509
4.1568,65507
4.1625,65509
4.1682,65509
4.1739,65509
4.1796,65505
4.1854,65507
4.1911,65509
4.1968,65511
4.2025,65503
4.2082,65510
4.2139,65507
4.2196,65507
4.2253,65507
4.231,65510
4.2367,65509
4.2424,65509
4.2481,65509
4.2539,65512
4.2596,65510
4.2653,65508
4.271,65504
4.2767,65510
4.2824,65510
4.2881,65509
4.2938,65509
4.2995,65511
4.3052,65510
4.3109,65509
4.3166,65504
4.3224,65510
4.3281,65509
4.3338,65508
4.3395,65509
4.3452,65507
4.3509,65509
4.3566,65509
4.3623,65506
4.368,65509
4.3737,65509
4.3794,65508
4.3851,65509
4.3909,65507
4.3966,65511
4.4023,65510
4.408,65509
4.4137,65510
4.4194,65508
4.4251,65507
4.4308,65509
4.4365,65509
4.4422,65509
4.4479,65507
4.4536,65508
4.4594,65510
4.4651,65507
4.4708,65510
4.4765,65510
4.4822,65508
4.4879,65510
4.4936,65511
4.4993,65507
4.505,65509
4.5107,65508
4.5164,65510
4.5221,65510
4.5279,65510
4.5336,65508
4.5393,65507
4.545,65510
4.5507,65508
4.5564,65508
4.5621,65508
4.5678,65509
4.5735,65509
4.5792,65511
4.5849,65510
4.5906,65504
4.5964,65507
4.6021,65506
4.6078,65509
4.6135,65509
4.6192,65509
4.6249,65508
4.6306,65506
4.6363,65503
4.642,65508
4.6477,65506
4.6534,65508
4.6591,65508
4.6648,65508
4.6705,65505
4.6763,65508
4.682,65505
4.6877,65509
4.6934,65506
4.6991,65507
4.7048,65508
4.7105,65507
4.7162,65509
4.7219,65506
4.7276,65505
4.7333,65506
4.739,65506
4.7447,65507
4.7505,65507
4.7562,65504
4.7619,65503
4.7676,65507
4.7733,65505
4.779,65507
4.7847,65506
4.7904,65503
4.7961,65507
4.8018,65507
4.8075,65504
4.8133,65504
4.819,65503
4.8247,65503
4.8304,65507
4.8361,65506
4.8418,65508
4.8475,65508
4.8532,65507
4.8589,65504
4.8646,65503
4.8703,65507
4.8761,65509
4.8818,65506
4.8875,65507
4.8932,65504
4.8989,65506
4.9046,65508
4.9103,65503
4.916,65506
4.9217,65508
4.9274,65507
4.9331,65508
4.9388,65507
4.9445,65506
4.9502,65507
4.956,65505
4.9617,65507
4.9674,65506
4.9731,65507
4.9788,65507
4.9845,65505
4.9902,65507
4.9959,65507
5.0016,65504
5.0073,65506
5.013,65506
5.0188,65507
5.0245,65505
5.0302,65508
5.0359,65505
5.0416,65507
5.0473,65501
5.053,65507
5.0587,65507
5.0644,65504
5.0701,65506
5.0758,65507
5.0815,65507
5.0873,65507
5.093,65503
5.0987,65507
5.1044,65506
5.1101,65507
5.1158,65504
5.1215,65504
5.1272,65507
5.1329,65507
5.1386,65502
5.1443,65504
5.15,65505
5.1557,65505
5.1614,65506
5.1671,65509
5.1729,65505
5.1786,65505
5.1843,65506
5.19,65506
5.1957,65507
5.2014,65506
5.2071,65506
5.2128,65508
5.2185,65504
5.2242,65506
5.2299,65502
5.2356,65505
5.2414,65507
5.2471,65504
5.2528,65505
5.2585,65506
5.2642,65505
5.2699,65507
5.2756,65506
5.2813,65506
5.287,65505
5.2927,65507
5.2984,65505
5.3042,65506
5.3099,65505
5.3156,65507
5.3213,65503
5.327,65507
5.3327,65506
5.3384,65507
5.3441,65505
5.3498,65504
5.3556,65504
5.3613,65504
5.367,65501
5.3727,65504
5.3784,65502
5.3841,65504
5.3898,65504
5.3955,65504
5.4012,65505
5.4069,65508
5.4126,65506
5.4183,65506
5.4241,65506
5.4298,65508
5.4355,65507
5.4412,65505
5.4469,65506
5.4526,65507
5.4583,65504
5.464,65506
5.4697,65510
5.4754,65506
5.4812,65509
5.4869,65508
5.4926,65509
5.4983,65506
5.504,65504
5.5097,65504
5.5154,65508
5.5211,65505
5.5268,65502
5.5325,65506
5.5382,65508
5.5439,65507
5.5497,65505
5.5554,65506
5.5611,65506
5.5668,65507
5.5725,65504
5.5782,65506
5.5839,65503
5.5896,65508
5.5953,65500
5.601,65502
5.6067,65508
5.6124,65506
5.6182,65504
5.6239,65506
5.6296,65505
5.6353,65501
5.641,65499
5.6467,65505
5.6524,65503
5.6581,65504
5.6638,65505
5.6695,65503
5.6752,65503
5.6809,65503
5.6866,65500
5.6924,65504
5.6981,65501
5.7038,65504
5.7095,65506
5.7152,65507
5.7209,65506
5.7266,65509
5.7323,65502
5.738,65505
5.7437,65505
5.7494,65507
5.7551,65505
5.7608,65505
5.7665,65507
5.7723,65509
5.778,65504
5.7837,65505
5.7894,65508
5.7951,65506
5.8008,65506
5.8065,65505
5.8122,65508
5.8179,65505
5.8236,65499
5.8293,65506
5.835,65508
5.8407,65505
5.8465,65504
5.8522,65507
5.8579,65506
5.8636,65501
5.8693,65505
5.875,65504
5.8807,65503
5.8864,65505
5.8921,65506
5.8978,65507
5.9036,65507
5.9093,65503
5.915,65505
5.9207,65506
5.9264,65505
5.9321,65506
5.9378,65505
5.9435,65505
5.9493,65506
5.955,65506
5.9607,65499
5.9664,65505
5.9721,65506
5.9778,65506
5.9835,65506
5.9892,65506
5.9949,65507
6.0006,65507
6.0063,65503
6.0121,65507
6.0178,65505
6.0235,65506
6.0292,65505
6.0349,65504
6.0406,65504
6.0463,65505
6.052,65501
6.0577,65507
6.0634,65506
6.0691,65505
6.0748,65504
6.0805,65507
6.0863,65508
6.092,65507
6.0977,65505
6.1034,65506
6.1091,65505
6.1148,65507
6.1205,65508
6.1262,65506
6.1319,65506
6.1376,65509
6.1433,65502
6.149,65508
6.1548,65508
6.1605,65506
6.1662,65506
6.1719,65507
6.1776,65507
6.1833,65507
6.189,65503
6.1947,65508
6.2004,65506
6.2061,65505
6.2118,65506
6.2176,65508
6.2233,65508
6.229,65503
6.2347,65501
6.2404,65507
6.2461,65503
6.2518,65508
6.2575,65508
6.2632,65504
6.2689,65506
6.2747,65508
6.2804,65500
6.2861,65505
6.2918,65504
6.2975,65505
6.3032,65507
6.3089,65501
6.3146,65504
6.3203,65499
6.326,65504
6.3317,65503
6.3374,65506
6.3431,65507
6.3489,65505
6.3546,65505
6.3603,65504
6.366,65502
6.3717,65505
6.3774,65507
6.3831,65507
6.3888,65507
6.3945,65506
6.4002,65505
6.4059,65504
6.4116,65506
6.4174,65501
6.4231,65503
6.4288,65505
6.4345,65505
6.4402,65505
6.4459,65508
6.4516,65505
6.4573,65505
6.463,65504
6.4687,65507
6.4744,65508
6.4802,65505
6.4859,65506
6.4916,65506
6.4973,65506
6.503,65507
6.5087,65504
6.5144,65508
6.5201,65508
6.5258,65508
6.5315,65508
6.5372,65508
6.5429,65505
6.5486,65505
6.5544,65506
6.5601,65509
6.5658,65508
6.5715,65505
6.5772,65504
6.5829,65510
6.5886,65506
6.5943,65504
6.6,65502
6.6057,65507
6.6114,65507
6.6171,65509
6.6229,65506
6.6286,65507
6.6343,65507
6.64,65506
6.6457,65507
6.6514,65504
6.6571,65509
6.6628,65506
6.6685,65506
6.6742,65502
6.6799,65508
6.6856,65507
6.6914,65502
6.6971,65506
6.7028,65505
6.7085,65507
6.7142,65506
6.7199,65507
6.7256,65507
6.7313,65507
6.737,65503
6.7428,65506
6.7485,65508
6.7542,65504
6.7599,65506
6.7656,65506
6.7713,65505
6.777,65507
6.7827,65501
6.7884,65507
6.7941,65505
6.7998,65506
6.8056,65506
6.8113,65505
6.817,65506
6.8227,65507
6.8284,65500
6.8341,65506
6.8398,65507
6.8455,65506
6.8512,65506
6.8569,65506
6.8627,65506
6.8684,65508
6.8741,65499
6.8798,65507
6.8855,65507
6.8912,65505
6.8969,65503
6.9026,65503
6.9083,65506
6.914,65504
6.9197,65501
6.9254,65504
6.9311,65504
6.9368,65502
6.9426,65500
6.9483,65506
6.954,65504
6.9597,65507
6.9654,65502
6.9711,65506
6.9768,65504
6.9825,65503
6.9882,65506
6.9939,65502
6.9996,65505
7.0053,65505
7.0111,65499
7.0168,65506
7.0225,65504
7.0282,65503
7.0339,65504
7.0396,65505
7.0453,65506
7.051,65505
7.0567,65504
7.0624,65504
7.0682,65502
7.0739,65504
7.0796,65505
7.0853,65505
7.091,65505
7.0967,65507
7.1024,65506
7.1082,65504
7.1139,65505
7.1196,65508
7.1253,65507
7.131,65505
7.1367,65505
7.1424,65506
7.1481,65497
7.1538,65505
7.1595,65505
7.1652,65505
7.1709,65505
7.1767,65507
7.1824,65505
7.1881,65502
7.1938,65501
7.1995,65503
7.2052,65506
7.2109,65507
7.2166,65508
7.2223,65504
7.228,65503
7.2337,65507
7.2394,65505
7.2452,65506
7.2509,65508
7.2566,65509
7.2623,65504
7.268,65505
7.2737,65503
7.2794,65505
7.2851,65500
7.2908,65509
7.2965,65506
7.3022,65505
7.3079,65505
7.3137,65504
7.3194,65503
7.3251,65502
7.3308,65501
7.3365,65505
7.3422,65504
7.3479,65504
7.3536,65499
7.3593,65504
7.365,65501
7.3707,65503
7.3765,65502
7.3822,65504
7.3879,65504
7.3936,65505
7.3993,65500
7.405,65504
7.4107,65505
7.4164,65501
7.4221,65499
7.4278,65503
7.4335,65505
7.4392,65504
7.445,65505
7.4507,65505
7.4564,65503
7.4621,65506
7.4678,65506
7.4735,65507
7.4792,65502
7.4849,65506
7.4906,65504
7.4963,65506
7.502,65505
7.5077,65502
7.5134,65501
7.5192,65505
7.5249,65507
7.5306,65505
7.5363,65508
7.542,65503
7.5477,65510
7.5534,65505
7.5591,65502
7.5648,65504
7.5705,65500
7.5762,65502
7.5819,65505
7.5876,65504
7.5933,65503
7.5991,65508
7.6048,65497
7.6105,65506
7.6162,65503
7.6219,65504
7.6276,65506
7.6333,65504
7.639,65506
7.6447,65502
7.6504,65498
7.6561,65503
7.6618,65500
7.6675,65502
7.6733,65501
7.679,65499
7.6847,65501
7.6904,65502
7.6961,65494
7.7018,65503
7.7075,65504
7.7132,65501
7.7189,65503
7.7246,65501
7.7304,65504
7.7361,65499
7.7418,65498
7.7475,65505
7.7532,65500
7.7589,65503
7.7646,65497
7.7703,65502
7.776,65498
7.7817,65504
7.7874,65497
7.7931,65499
7.7989,65504
7.8046,65499
7.8103,65502
7.816,65500
7.8217,65502
7.8274,65501
7.8331,65494
7.8388,65503
7.8445,65503
7.8503,65500
7.856,65504
7.8617,65506
7.8674,65504
7.8731,65503
7.8788,65496
7.8845,65501
7.8902,65499
7.8959,65501
7.9016,65502
7.9073,65505
7.913,65503
7.9187,65503
7.9245,65500
7.9302,65501
7.9359,65504
7.9416,65502
7.9473,65504
7.953,65504
7.9587,65503
7.9644,65504
7.9701,65498
7.9758,65503
7.9815,65499
7.9873,65502
7.993,65498
7.9987,65501
8.0044,65503
8.0101,65501
8.0158,65498
8.0215,65504
8.0272,65502
8.0329,65504
8.0386,65505
8.0444,65503
8.0501,65503
8.0558,65502
8.0615,65495
8.0672,65500
8.0729,65502
8.0786,65503
8.0843,65504
8.09,65502
8.0957,65503
8.1014,65502
8.1071,65500
8.1129,65501
8.1186,65502
8.1243,65498
8.13,65504
8.1357,65505
8.1414,65502
8.1471,65503
8.1528,65500
8.1585,65504
8.1642,65501
8.1699,65500
8.1757,65502
8.1814,65502
8.1871,65505
8.1928,65506
8.1985,65494
8.2042,65501
8.2099,65504
8.2156,65505
8.2213,65502
8.227,65506
8.2328,65506
8.2385,65506
8.2442,65501
8.2499,65505
8.2556,65504
8.2613,65508
8.267,65505
8.2727,65506
8.2784,65504
8.2841,65502
8.2898,65503
8.2955,65503
8.3012,65502
8.3069,65501
8.3127,65503
8.3184,65504
8.3241,65505
8.3298,65504
8.3355,65504
8.3412,65506
8.3469,65503
8.3526,65504
8.3583,65505
8.364,65503
8.3697,65501
8.3754,65501
8.3812,65500
8.3869,65503
8.3926,65502
8.3983,65503
8.404,65501
8.4097,65502
8.4154,65498
8.4211,65506
8.4268,65497
8.4325,65502
8.4382,65503
8.4439,65503
8.4496,65502
8.4554,65500
8.4611,65502
8.4668,65502
8.4725,65496
8.4782,65501
8.4839,65504
8.4896,65499
8.4953,65500
8.501,65499
8.5067,65501
8.5124,65501
8.5181,65496
8.5239,65505
8.5296,65505
8.5353,65496
8.541,65503
8.5467,65505
8.5524,65505
8.5581,65504
8.5638,65502
8.5695,65502
8.5752,65501
8.5809,65503
8.5866,65502
8.5924,65502
8.5981,65509
8.6038,65500
8.6095,65504
8.6152,65503
8.6209,65501
8.6266,65506
8.6323,65501
8.638,65507
8.6437,65499
8.6494,65499
8.6551,65500
8.6609,65504
8.6666,65504
8.6723,65499
8.678,65504
8.6837,65503
8.6894,65499
8.6951,65506
8.7008,65499
8.7065,65503
8.7122,65503
8.7179,65500
8.7236,65501
8.7293,65502
8.7351,65502
8.7408,65505
8.7465,65498
8.7522,65498
8.7579,65502
8.7636,65504
8.7693,65498
8.775,65500
8.7807,65499
8.7864,65501
8.7921,65502
8.7978,65503
8.8036,65503
8.8093,65498
8.815,65505
8.8207,65502
8.8264,65501
8.8321,65505
8.8378,65497
8.8435,65498
8.8492,65504
8.8549,65505
8.8606,65501
8.8663,65506
8.872,65503
8.8778,65504
8.8835,65501
8.8892,65506
8.8949,65505
8.9006,65505
8.9063,65505
8.912,65505
8.9177,65503
8.9234,65500
8.9291,65500
8.9348,65502
8.9405,65505
8.9463,65502
8.952,65504
8.9577,65501
8.9634,65502
8.9691,65502
8.9748,65499
8.9805,65500
8.9862,65504
8.9919,65502
8.9976,65501
9.0033,65501
9.009,65500
9.0147,65501
9.0205,65497
9.0262,65503
9.0319,65497
9.0376,65501
9.0433,65506
9.049,65503
9.0547,65500
9.0604,65500
9.0661,65496
9.0718,65504
9.0776,65505
9.0833,65501
9.089,65502
9.0947,65503
9.1004,65500
9.1061,65499
9.1118,65496
9.1175,65499
9.1232,65502
9.1289,65499
9.1346,65504
9.1403,65496
9.146,65497
9.1518,65502
9.1575,65500
9.1632,65500
9.1689,65497
9.1746,65502
9.1803,65498
9.186,65499
9.1917,65500
9.1974,65498
9.2031,65498
9.2088,65503
9.2145,65502
9.2203,65501
9.226,65498
9.2317,65502
9.2374,65501
9.2431,65502
9.2488,65499
9.2545,65503
9.2602,65499
9.2659,65505
9.2716,65504
9.2774,65505
9.2831,65503
9.2888,65503
9.2945,65497
9.3002,65503
9.3059,65499
9.3116,65501
9.3173,65501
9.323,65501
9.3287,65493
9.3344,65499
9.3401,65491
9.3459,65499
9.3516,65499
9.3573,65503
9.363,65501
9.3687,65502
9.3744,65501
9.3801,65504
9.3858,65498
9.3915,65504
9.3972,65505
9.4029,65502
9.4087,65503
9.4144,65501
9.4201,65504
9.4258,65503
9.4315,65497
9.4372,65501
9.4429,65500
9.4486,65501
9.4543,65503
9.4601,65500
9.4658,65502
9.4715,65503
9.4772,65495
9.4829,65503
9.4886,65504
9.4943,65499
9.5,65501
9.5057,65499
9.5114,65502
9.5171,65497
9.5229,65495
9.5286,65503
9.5343,65500
9.54,65501
9.5457,65498
9.5514,65500
9.5571,65503
9.5628,65501
9.5685,65494
9.5742,65504
9.5799,65501
9.5857,65501
9.5914,65500
9.5971,65500
9.6028,65502
9.6085,65502
9.6142,65494
9.6199,65498
9.6256,65500
9.6313,65501
9.6371,65500
9.6428,65494
9.6485,65501
9.6542,65496
9.6599,65496
9.6656,65499
9.6713,65499
9.677,65501
9.6827,65499
9.6884,65499
9.6941,65503
9.6998,65503
9.7055,65499
9.7112,65500
9.7169,65500
9.7227,65501
9.7284,65504
9.7341,65500
9.7398,65501
9.7455,65497
9.7512,65495
9.7569,65500
9.7626,65504
9.7683,65504
9.774,65503
9.7797,65500
9.7854,65499
9.7911,65496
9.7969,65498
9.8026,65501
9.8083,65503
9.814,65502
9.8197,65502
9.8254,65503
9.8311,65502
9.8368,65506
9.8426,65498
9.8483,65501
9.854,65503
9.8597,65501
9.8654,65502
9.8711,65497
9.8768,65502
9.8825,65500
9.8882,65496
9.8939,65500
9.8996,65502
9.9053,65502
9.9111,65503
9.9168,65500
9.9225,65499
9.9282,65499
9.9339,65498
9.9396,65502
9.9453,65499
9.951,65500
9.9567,65503
9.9624,65502
9.9681,65503
9.9738,65500
9.9796,65496
9.9853,65498
9.991,65502
9.9967,65499
10.0024,65495
10.0081,65499
10.0138,65502
10.0195,65498
10.0252,65495
10.0309,65498
10.0366,65499
10.0424,65494
10.0481,65501
10.0538,65503
10.0595,65499
10.0652,65499
10.0709,65493
10.0766,65504
10.0823,65501
10.088,65498
10.0937,65502
10.0994,65497
10.1051,65501
10.1108,65502
10.1166,65497
10.1223,65502
10.128,65499
10.1337,65499
10.1394,65499
10.1451,65504
10.1508,65504
10.1565,65500
10.1622,65496
10.1679,65500
10.1737,65502
10.1794,65505
10.1851,65500
10.1908,65501
10.1965,65500
10.2022,65498
10.2079,65498
10.2136,65497
10.2193,65499
10.2251,65501
10.2308,65498
10.2365,65498
10.2422,65502
10.2479,65502
10.2536,65497
10.2593,65500
10.265,65502
10.2707,65505
10.2764,65503
10.2821,65502
10.2878,65500
10.2936,65502
10.2993,65494
10.305,65497
10.3107,65500
10.3164,65499
10.3221,65499
10.3278,65501
10.3335,65501
10.3392,65500
10.3449,65496
10.3506,65500
10.3564,65500
10.3621,65501
10.3678,65498
10.3735,65501
10.3792,65501
10.3849,65502
10.3906,65499
10.3963,65504
10.402,65502
10.4077,65501
10.4134,65503
10.4192,65496
10.4249,65495
10.4306,65497
10.4363,65494
10.442,65500
10.4477,65502
10.4534,65503
10.4591,65498
10.4648,65498
10.4705,65497
10.4762,65501
10.482,65497
10.4877,65496
10.4934,65495
10.4991,65498
10.5048,65502
10.5105,65498
10.5162,65497
10.5219,65500
10.5276,65499
10.5333,65501
10.539,65502
10.5447,65503
10.5504,65502
10.5562,65499
10.5619,65493
10.5676,65497
10.5733,65502
10.579,65501
10.5847,65498
10.5904,65503
10.5961,65494
10.6018,65498
10.6075,65500
10.6132,65498
10.6189,65497
10.6246,65497
10.6304,65501
10.6361,65500
10.6418,65502
10.6475,65501
10.6532,65502
10.6589,65502
10.6646,65494
10.6703,65500
10.676,65498
10.6817,65502
10.6874,65500
10.6932,65494
10.6989,65500
10.7046,65498
10.7103,65494
10.716,65500
10.7217,65499
10.7274,65497
10.7331,65497
10.7388,65500
10.7445,65499
10.7503,65500
10.756,65493
10.7617,65499
10.7674,65500
10.7731,65501
10.7788,65500
10.7845,65499
10.7902,65500
10.7959,65502
10.8016,65495
10.8073,65497
10.813,65504
10.8188,65502
10.8245,65505
10.8302,65498
10.8359,65501
10.8416,65499
10.8473,65495
10.853,65502
10.8587,65500
10.8644,65502
10.8701,65501
10.8758,65499
10.8815,65502
10.8873,65500
10.893,65495
10.8987,65499
10.9044,65503
10.9101,65501
10.9158,65499
10.9215,65504
10.9272,65500
10.9329,65498
10.9386,65502
10.9443,65504
10.95,65500
10.9557,65500
10.9615,65500
10.9672,65502
10.9729,65499
10.9786,65502
10.9843,65493
10.99,65498
10.9957,65502
11.0014,65495
11.0071,65502
11.0128,65503
11.0185,65498
11.0242,65498
11.03,65495
11.0357,65499
11.0414,65505
11.0471,65500
11.0528,65501
11.0585,65501
11.0642,65501
11.0699,65498
11.0756,65495
11.0813,65500
11.087,65500
11.0928,65498
11.0985,65498
11.1042,65502
11.1099,65497
11.1156,65500
11.1213,65496
11.127,65504
11.1327,65502
11.1384,65498
11.1441,65501
11.1498,65503
11.1555,65502
11.1613,65499
11.167,65497
11.1727,65502
11.1784,65502
11.1841,65502
11.1898,65501
11.1955,65501
11.2012,65502
11.2069,65494
11.2126,65497
11.2183,65503
11.224,65502
11.2298,65503
11.2355,65503
11.2412,65503
11.2469,65503
11.2526,65504
11.2583,65496
11.264,65504
11.2697,65500
11.2754,65501
11.2811,65501
11.2868,65495
11.2925,65501
11.2982,65497
11.3039,65500
11.3097,65499
11.3154,65500
11.3211,65503
11.3268,65502
11.3325,65500
11.3382,65504
11.3439,65498
11.3496,65500
11.3553,65503
11.361,65499
11.3667,65501
11.3725,65502
11.3782,65503
11.3839,65500
11.3896,65502
11.3953,65499
11.401,65502
11.4067,65499
11.4124,65499
11.4181,65504
11.4238,65501
11.4295,65502
11.4352,65500
11.4409,65493
11.4467,65502
11.4524,65499
11.4581,65500
11.4638,65500
11.4695,65505
11.4752,65506
11.4809,65504
11.4866,65496
11.4923,65504
11.498,65499
11.5037,65503
11.5094,65504
11.5151,65503
11.5208,65503
11.5266,65502
11.5323,65496
11.538,65497
11.5437,65504
11.5494,65502
11.5551,65502
11.5608,65499
11.5665,65500
11.5722,65506
11.5779,65492
11.5837,65503
11.5894,65505
11.5951,65500
11.6008,65503
11.6065,65500
11.6122,65497
11.6179,65499
11.6236,65494
11.6293,65504
11.635,65499
11.6407,65500
11.6464,65503
11.6522,65499
11.6579,65500
11.6636,65498
11.6693,65492
11.675,65499
11.6807,65503
11.6864,65504
11.6921,65495
11.6978,65499
11.7035,65502
11.7092,65501
11.7149,65494
11.7207,65499
11.7264,65502
11.7321,65500
11.7378,65501
11.7435,65501
11.7492,65502
11.7549,65500
11.7606,65492
11.7663,65502
11.772,65501
11.7777,65501
11.7834,65502
11.7892,65499
11.7949,65500
11.8006,65499
11.8063,65492
11.812,65499
11.8177,65496
11.8234,65499
11.8291,65495
11.8348,65499
11.8405,65499
11.8462,65502
11.8519,65495
11.8577,65502
11.8634,65499
11.8691,65496
11.8748,65502
11.8805,65499
11.8862,65498
11.8919,65498
11.8976,65492
11.9033,65499
11.909,65499
11.9147,65500
11.9205,65496
11.9262,65499
11.9319,65500
11.9376,65499
11.9433,65495
11.949,65495
11.9547,65500
11.9604,65500
11.9661,65499
11.9718,65500
11.9775,65500
11.9833,65497
11.989,65493
11.9947,65497
12.0004,65495
12.0061,65500
12.0118,65499
12.0175,65499
12.0232,65498
12.0289,65504
12.0346,65495
12.0403,65496
12.046,65502
12.0517,65498
12.0575,65499
12.0632,65498
12.0689,65495
12.0746,65501
12.0803,65490
12.086,65497
12.0917,65501
12.0974,65499
12.1031,65501
12.1088,65499
12.1145,65496
12.1202,65498
12.1259,65495
12.1316,65500
12.1374,65502
12.1431,65499
12.1488,65498
12.1545,65503
12.1602,65499
12.1659,65501
12.1716,65492
12.1773,65501
12.183,65498
12.1887,65503
12.1944,65501
12.2001,65498
12.2058,65499
12.2116,65498
12.2173,65489
12.223,65498
12.2287,65499
12.2344,65498
12.2401,65497
12.2458,65500
12.2515,65495
12.2572,65495
12.2629,65495
12.2686,65496
12.2744,65500
12.2801,65497
12.2858,65499
12.2915,65503
12.2972,65503
12.3029,65501
12.3086,65497
12.3143,65500
12.32,65502
12.3257,65499
12.3314,65499
12.3371,65500
12.3428,65500
12.3486,65500
12.3543,65497
12.36,65501
12.3657,65503
12.3714,65498
12.3771,65498
12.3828,65502
12.3885,65499
12.3942,65497
12.3999,65488
12.4056,65502
12.4113,65497
12.4171,65499
12.4228,65498
12.4285,65495
12.4342,65500
12.4399,65501
12.4456,65497
12.4513,65501
12.457,65497
12.4627,65501
12.4684,65498
12.4741,65501
12.4798,65500
12.4856,65500
12.4913,65497
12.497,65499
12.5027,65501
12.5084,65498
12.5141,65498
12.5198,65498
12.5255,65497
12.5312,65497
12.5369,65496
12.5426,65496
12.5483,65501
12.5541,65496
12.5598,65498
12.5655,65501
12.5712,65502
12.5769,65500
12.5826,65492
12.5883,65499
12.594,65500
12.5997,65496
12.6054,65497
12.6112,65497
12.6169,65497
12.6226,65496
12.6283,65495
12.634,65500
12.6397,65497
12.6454,65500
12.6511,65501
12.6568,65499
12.6625,65495
12.6682,65498
12.674,65495
12.6797,65497
12.6854,65502
12.6911,65494
12.6968,65498
12.7025,65501
12.7082,65500
12.7139,65497
12.7196,65497
12.7253,65498
12.731,65498
12.7367,65497
12.7425,65501
12.7482,65501
12.7539,65496
12.7596,65499
12.7653,65489
12.771,65497
12.7767,65502
12.7824,65501
12.7881,65501
12.7938,65501
12.7996,65499
12.8053,65500
12.811,65497
12.8167,65502
12.8224,65499
12.8281,65500
12.8338,65502
12.8395,65503
12.8452,65497
12.8509,65500
12.8566,65500
12.8623,65500
12.8681,65499
12.8738,65495
12.8795,65496
12.8852,65496
12.8909,65497
12.8966,65501
12.9023,65491
12.908,65493
12.9137,65497
12.9194,65499
12.9252,65495
12.9309,65497
12.9366,65497
12.9423,65502
12.948,65497
12.9537,65495
12.9594,65496
12.9651,65501
12.9708,65499
12.9765,65503
12.9822,65502
12.9879,65501
12.9936,65497
12.9993,65494
13.0051,65497
13.0108,65500
13.0165,65502
13.0222,65501
13.0279,65501
13.0336,65498
13.0393,65494
13.045,65493
13.0507,65496
13.0565,65495
13.0622,65493
13.0679,65495
13.0736,65494
13.0793,65493
13.085,65498
13.0907,65498
13.0964,65498
13.1021,65498
13.1078,65499
13.1136,65499
13.1193,65494
13.125,65493
13.1307,65492
13.1364,65498
13.1421,65493
13.1478,65497
13.1535,65498
13.1592,65499
13.1649,65500
13.1706,65502
13.1763,65483
13.1821,65498
13.1878,65499
13.1935,65498
13.1992,65495
13.2049,65499
13.2106,65501
13.2163,65500
13.222,65495
13.2277,65501
13.2334,65497
13.2391,65497
13.2448,65498
13.2505,65497
13.2563,65498
13.262,65497
13.2677,65491
13.2734,65494
13.2791,65497
13.2848,65496
13.2905,65501
13.2962,65497
13.3019,65495
13.3076,65500
13.3133,65491
13.319,65498
13.3248,65501
13.3305,65495
13.3362,65500
13.3419,65497
13.3476,65498
13.3533,65501
13.359,65494
13.3647,65494
13.3704,65494
13.3761,65499
13.3818,65497
13.3875,65497
13.3932,65495
13.3989,65498
13.4047,65495
13.4104,65498
13.4161,65491
13.4218,65496
13.4275,65499
13.4332,65498
13.4389,65499
13.4446,65498
13.4503,65492
13.456,65499
13.4617,65500
13.4674,65496
13.4731,65501
13.4789,65498
13.4846,65497
13.4903,65500
13.496,65490
13.5017,65497
13.5074,65496
13.5131,65499
13.5188,65495
13.5245,65491
13.5302,65499
13.536,65497
13.5417,65491
13.5474,65496
13.5531,65500
13.5588,65492
13.5645,65498
13.5702,65499
13.5759,65495
13.5816,65500
13.5874,65492
13.5931,65498
13.5988,65497
13.6045,65496
13.6102,65496
13.6159,65498
13.6216,65500
13.6273,65495
13.633,65497
13.6387,65497
13.6444,65500
13.6501,65499
13.6558,65495
13.6615,65500
13.6673,65498
13.673,65495
13.6787,65495
13.6844,65500
13.6901,65495
13.6958,65499
13.7015,65498
13.7072,65498
13.7129,65499
13.7186,65499
13.7243,65497
13.7301,65501
13.7358,65501
13.7415,65502
13.7472,65503
13.7529,65495
13.7586,65496
13.7643,65499
13.77,65498
13.7757,65499
13.7814,65500
13.7871,65494
13.7929,65503
13.7986,65499
13.8043,65498
13.81,65499
13.8157,65493
13.8214,65498
13.8271,65502
13.8328,65498
13.8385,65502
13.8442,65501
13.8499,65498
13.8556,65499
13.8614,65492
13.8671,65499
13.8728,65500
13.8785,65496
13.8842,65499
13.8899,65497
13.8956,65500
13.9013,65503
13.907,65495
13.9127,65503
13.9184,65496
13.9242,65500
13.9299,65496
13.9356,65497
13.9413,65502
13.947,65496
13.9527,65490
13.9584,65498
13.9641,65500
13.9698,65497
13.9755,65502
13.9812,65498
13.9869,65497
13.9927,65497
13.9984,65496
14.0041,65495
14.0098,65497
14.0155,65500
14.0212,65497
14.0269,65500
14.0326,65500
14.0383,65495
14.044,65498
14.0497,65500
14.0554,65501
14.0612,65491
14.0669,65499
14.0726,65502
14.0783,65499
14.084,65497
14.0897,65488
14.0954,65498
14.1011,65496
14.1068,65496
14.1125,65495
14.1182,65500
14.1239,65499
14.1296,65498
14.1354,65495
14.1411,65499
14.1468,65500
14.1525,65502
14.1582,65498
14.1639,65498
14.1696,65500
14.1753,65498
14.181,65493
14.1867,65502
14.1924,65499
14.1981,65500
14.2038,65499
14.2096,65498
14.2153,65497
14.221,65492
14.2267,65488
14.2324,65495
14.2381,65497
14.2438,65498
14.2495,65502
14.2552,65500
14.2609,65500
14.2666,65498
14.2723,65495
14.278,65498
14.2838,65492
14.2895,65501
14.2952,65492
14.3009,65494
14.3066,65499
14.3123,65495
14.318,65494
14.3237,65496
14.3294,65496
14.3351,65500
14.3408,65496
14.3465,65500
14.3523,65498
14.358,65497
14.3637,65490
14.3694,65495
14.3751,65499
14.3808,65495
14.3865,65501
14.3922,65499
14.3979,65499
14.4036,65496
14.4093,65486
14.415,65496
14.4208,65499
14.4265,65495
14.4322,65499
14.4379,65496
14.4436,65496
14.4493,65499
14.455,65494
14.4607,65499
14.4664,65497
14.4721,65495
14.4778,65496
14.4835,65496
14.4893,65497
14.495,65493
14.5007,65492
14.5064,65499
14.5121,65497
14.5178,65493
14.5235,65497
14.5292,65497
14.5349,65495
14.5406,65494
14.5464,65489
14.5521,65497
14.5578,65500
14.5635,65496
14.5692,65498
14.5749,65499
14.5806,65497
14.5863,65496
14.592,65492
14.5977,65496
14.6034,65494
14.6092,65501
14.6149,65495
14.6206,65495
14.6263,65500
14.632,65497
14.6377,65488
14.6434,65500
14.6491,65496
14.6548,65498
14.6605,65500
14.6662,65496
14.6719,65496
14.6777,65493
14.6834,65492
14.6891,65501
14.6948,65495
14.7005,65500
14.7062,65495
14.7119,65498
14.7176,65495
14.7233,65497
14.729,65491
14.7347,65497
14.7404,65499
14.7461,65501
14.7519,65499
14.7576,65490
14.7633,65493
14.769,65498
14.7747,65487
14.7804,65495
14.7861,65495
14.7918,65499
14.7975,65491
14.8032,65488
14.8089,65495
14.8146,65496
14.8204,65480
14.8261,65485
14.8318,65497
14.8375,65492
14.8432,65490
14.8489,65493
14.8546,65496
14.8603,65487
14.866,65475
14.8717,65492
14.8774,65487
14.8831,65488
14.8888,65485
14.8945,65486
14.9002,65486
14.906,65485
14.9117,65468
14.9174,65483
14.9231,65482
14.9288,65486
14.9345,65489
14.9402,65485
14.9459,65483
14.9516,65472
14.9573,65470
14.963,65477
14.9688,65474
14.9745,65474
14.9802,65476
14.9859,65466
14.9916,65469
14.9973,65473
15.003,65458
15.0087,65469
15.0144,65466
15.0202,65469
15.0259,65467
15.0316,65466
15.0373,65457
15.043,65462
15.0487,65456
15.0544,65464
15.0601,65461
15.0658,65462
15.0715,65454
15.0773,65450
15.083,65459
15.0887,65456
15.0944,65442
15.1001,65448
15.1058,65456
15.1115,65452
15.1172,65444
15.1229,65443
15.1286,65442
15.1343,65441
15.14,65431
15.1458,65433
15.1515,65433
15.1572,65436
15.1629,65430
15.1686,65418
15.1743,65417
15.18,65403
15.1857,65373
15.1914,65362
15.1971,65347
15.2028,65339
15.2086,65324
15.2143,65314
15.22,65305
15.2257,65288
15.2314,65277
15.2371,65273
15.2428,65269
15.2485,65250
15.2542,65251
15.2599,65246
15.2656,65246
15.2714,65239
15.2771,65230
15.2828,65217
15.2885,65201
15.2942,65192
15.2999,65182
15.3056,65178
15.3113,65174
15.317,65175
15.3227,65173
15.3284,65176
15.3341,65191
15.3398,65197
15.3456,65208
15.3513,65231
15.357,65248
15.3627,65258
15.3684,65268
15.3741,65275
15.3798,65282
15.3855,65283
15.3912,65280
15.3969,65275
15.4026,65275
15.4083,65262
15.4141,65245
15.4198,65244
15.4255,65231
15.4312,65217
15.4369,65209
15.4426,65199
15.4483,65182
15.454,65171
15.4597,65151
15.4654,65130
15.4711,65091
15.4768,65055
15.4825,65021
15.4883,64953
15.494,64908
15.4997,64830
15.5054,64773
15.5111,64714
15.5168,64628
15.5225,64571
15.5282,64522
15.5339,64453
15.5396,64416
15.5453,64365
15.551,64346
15.5568,64329
15.5625,64304
15.5682,64287
15.5739,64268
15.5796,64244
15.5853,64230
15.591,64209
15.5967,64195
15.6024,64182
15.6081,64140
15.6138,64124
15.6196,64086
15.6253,64053
15.631,64026
15.6367,63995
15.6424,63975
15.6481,63946
15.6538,63913
15.6595,63888
15.6652,63877
15.6709,63845
15.6766,63834
15.6823,63824
15.688,63810
15.6937,63804
15.6994,63795
15.7052,63789
15.7109,63791
15.7166,63782
15.7223,63777
15.728,63771
15.7337,63756
15.7394,63738
15.7451,63719
15.7508,63713
15.7565,63705
15.7622,63692
15.7679,63685
15.7736,63672
15.7794,63662
15.7851,63655
15.7908,63644
15.7965,63636
15.8022,63636
15.8079,63626
15.8136,63617
15.8193,63604
15.825,63605
15.8307,63603
15.8364,63590
15.8422,63587
15.8479,63578
15.8536,63570
15.8593,63563
15.865,63558
15.8707,63551
15.8764,63538
15.8821,63532
15.8878,63520
15.8935,63526
15.8992,63524
15.9049,63514
15.9106,63500
15.9164,63485
15.9221,63476
15.9278,63459
15.9335,63462
15.9392,63462
15.9449,63447
15.9506,63444
15.9563,63425
15.962,63414
15.9677,63407
15.9734,63403
15.9792,63394
15.9849,63379
15.9906,63385
15.9963,63372
16.002,63369
16.0077,63358
16.0134,63359
16.0191,63339
16.0248,63332
16.0305,63331
16.0362,63318
16.0419,63321
16.0477,63325
16.0534,63316
16.0591,63314
16.0648,63293
16.0705,63289
16.0762,63286
16.0819,63285
16.0876,63280
16.0933,63271
16.099,63272
16.1047,63268
16.1104,63262
16.1161,63259
16.1219,63257
16.1276,63242
16.1333,63248
16.139,63238
16.1447,63243
16.1504,63240
16.1561,60383
16.1618,62454
16.1675,62449
16.1732,62431
16.1789,62440
16.1847,62430
16.1904,62438
16.1961,62471
16.2018,62477
16.2075,62473
16.2132,62432
16.2189,62436
16.2246,61422
16.2303,62406
16.2361,62429
16.2418,62416
16.2475,62413
16.2532,62414
16.2589,62423
16.2646,62449
16.2703,62455
16.276,62476
16.2817,62482
16.2874,62571
16.2932,63510
16.2989,63064
16.3046,60245
16.3103,62447
16.316,62443
16.3217,62440
16.3274,62434
16.3331,62443
16.3388,62420
16.3445,62384
16.3502,62399
16.356,62403
16.3617,62400
16.3674,62405
16.3731,62392
16.3788,61425
16.3845,62399
16.3902,62416
16.3959,62430
16.4016,62408
16.4073,62408
16.413,62824
16.4187,62760
16.4244,62561
16.4302,62902
16.4359,62885
16.4416,62858
16.4473,62822
16.453,62485
16.4587,62666
16.4644,62895
16.4701,62869
16.4758,60978
16.4816,62499
16.4873,62843
16.493,62835
16.4987,62390
16.5044,62877
16.5101,62901
16.5158,62762
16.5215,62889
16.5272,62373
16.5329,62371
16.5386,62363
16.5443,62355
16.5501,62350
16.5558,62347
16.5615,62343
16.5672,62377
16.5729,62372
16.5786,62355
16.5843,62352
16.59,62349
16.5957,62334
16.6014,62315
16.6072,62303
16.6129,62313
16.6186,62317
16.6243,62319
16.63,62339
16.6357,62336
16.6414,62340
16.6471,62339
16.6528,62340
16.6585,62374
16.6642,62391
16.6699,62370
16.6757,62382
16.6814,62351
16.6871,62335
16.6928,62353
16.6985,62364
16.7042,62335
16.7099,62347
16.7156,62355
16.7213,62386
16.727,62381
16.7328,62379
16.7385,62359
16.7442,62337
16.7499,62385
16.7556,62384
16.7613,61769
16.767,62324
16.7727,62308
16.7784,62307
16.7841,62309
16.7898,62304
16.7955,62297
16.8013,62474
16.807,62289
16.8127,62388
16.8184,62661
16.8241,62443
16.8298,62333
16.8355,62349
16.8412,62375
16.8469,62388
16.8526,62276
16.8583,62719
16.864,62655
16.8698,62464
16.8755,62374
16.8812,62379
16.8869,61387
16.8926,62789
16.8983,62856
16.904,62814
16.9097,62766
16.9154,62769
16.9211,60250
16.9268,62370
16.9325,62958
16.9383,60771
16.944,62905
16.9497,62908
16.9554,62935
16.9611,62880
16.9668,62886
