0.0004,65158
0.003,65174
0.0061,65176
0.0119,65472
0.0177,65168
0.0235,65147
0.0292,65156
0.035,65147
0.0407,65147
0.0464,65140
0.0521,65136
0.0578,65129
0.0635,65129
0.0692,65127
0.0749,65135
0.0806,65127
0.0864,65114
0.0921,65128
0.0978,65122
0.1035,65132
0.1092,65128
0.1149,65125
0.1206,65151
0.1263,65253
0.132,65284
0.1377,65199
0.1434,65137
0.1491,65182
0.1549,65165
0.1606,65162
0.1663,65159
0.172,65138
0.1777,65157
0.1834,65159
0.1891,65151
0.1948,65151
0.2005,65153
0.2062,65146
0.2119,65151
0.2176,65148
0.2233,65156
0.2291,65154
0.2348,65177
0.2405,65176
0.2462,65177
0.2519,65156
0.2576,65175
0.2633,65181
0.269,65181
0.2747,65175
0.2804,65179
0.2861,65154
0.2918,65154
0.2976,65153
0.3033,65162
0.309,65155
0.3147,65172
0.3204,65180
0.3261,65177
0.3318,65174
0.3375,65213
0.3432,65174
0.3489,65182
0.3546,65188
0.3604,65193
0.3661,65188
0.3718,65171
0.3775,65187
0.3832,65204
0.3889,64810
0.3946,65168
0.4003,65166
0.406,65181
0.4117,65178
0.4174,65187
0.4232,65172
0.4289,65183
0.4346,65169
0.4403,65178
0.446,65171
0.4517,65171
0.4574,65173
0.4631,65173
0.4688,65175
0.4745,65212
0.4802,65173
0.4859,65175
0.4917,65173
0.4974,65176
0.5031,65181
0.5088,65189
0.5145,65176
0.5202,65180
0.5259,65183
0.5316,65183
0.5373,65186
0.543,65190
0.5487,65185
0.5544,65189
0.5602,65190
0.5659,65198
0.5716,65191
0.5773,65189
0.583,65189
0.5887,65195
0.5944,65194
0.6001,65185
0.6058,65192
0.6115,65189
0.6172,65199
0.6229,65200
0.6287,65206
0.6344,65212
0.6401,65216
0.6458,65214
0.6515,65218
0.6572,65210
0.6629,65197
0.6686,65185
0.6743,65189
0.6801,65192
0.6858,65191
0.6915,65195
0.6972,65196
0.7029,65194
0.7086,65241
0.7143,65191
0.72,65218
0.7257,65198
0.7314,65190
0.7371,65191
0.7429,65191
0.7486,65189
0.7543,65218
0.76,65197
0.7657,65205
0.7714,65200
0.7771,65203
0.7828,65209
0.7885,65200
0.7942,65195
0.7999,65200
0.8057,65197
0.8114,65200
0.8171,65216
0.8228,65308
0.8285,65224
0.8342,65206
0.8399,65203
0.8456,65223
0.8513,65206
0.857,65209
0.8627,65204
0.8684,65202
0.8741,65211
0.8799,65214
0.8856,65209
0.8913,65225
0.897,65210
0.9027,65211
0.9084,65214
0.9141,65208
0.9198,65267
0.9255,65216
0.9312,65209
0.9369,65226
0.9426,65220
0.9483,65223
0.9541,65217
0.9598,65226
0.9655,65217
0.9712,65219
0.9769,65227
0.9826,65249
0.9883,65228
0.994,65240
0.9997,65230
1.0055,65224
1.0112,65228
1.0169,65227
1.0226,65229
1.0283,65226
1.034,65427
1.0397,65229
1.0454,65230
1.0511,65235
1.0568,65234
1.0625,65232
1.0682,65235
1.074,65244
1.0797,65248
1.0854,65252
1.0911,65247
1.0968,65242
1.1025,65250
1.1082,65245
1.1139,65251
1.1196,65254
1.1254,65253
1.1311,65252
1.1368,65254
1.1425,65250
1.1482,65254
1.1539,65252
1.1596,65255
1.1653,65250
1.171,65263
1.1767,65252
1.1824,65251
1.1882,65256
1.1939,65253
1.1996,65254
1.2053,65258
1.211,65262
1.2167,65258
1.2224,65260
1.2281,65264
1.2338,65266
1.2395,65270
1.2452,65273
1.251,65267
1.2567,65267
1.2624,65271
1.2681,65271
1.2738,65273
1.2795,65277
1.2853,65281
1.291,65278
1.2967,65280
1.3024,65286
1.3081,65288
1.3138,65280
1.3195,65286
1.3252,65290
1.3309,65287
1.3366,65285
1.3423,65287
1.348,65289
1.3538,65294
1.3595,65290
1.3652,65290
1.3709,65295
1.3766,65296
1.3823,65292
1.388,65295
1.3937,65298
1.3994,65296
1.4051,65299
1.4108,64707
1.4166,65303
1.4223,65300
1.428,65300
1.4337,65300
1.4394,65310
1.4451,65304
1.4508,65307
1.4565,65307
1.4622,65313
1.468,65310
1.4737,65307
1.4794,65308
1.4851,65316
1.4908,65291
1.4965,65315
1.5022,65321
1.508,65319
1.5137,65326
1.5194,65318
1.5251,65316
1.5308,65323
1.5365,65330
1.5422,65334
1.5479,65335
1.5536,65332
1.5593,65330
1.565,65332
1.5708,65335
1.5765,65323
1.5822,65350
1.5879,65336
1.5936,65335
1.5993,65337
1.605,65331
1.6107,65332
1.6164,65336
1.6221,65341
1.6278,65340
1.6335,65337
1.6392,65343
1.6449,65343
1.6507,65352
1.6564,65349
1.6621,65347
1.6678,65350
1.6735,65350
1.6792,65358
1.6849,65351
1.6906,65364
1.6963,65360
1.702,65353
1.7077,65355
1.7135,65355
1.7192,65359
1.7249,65367
1.7306,65361
1.7363,65364
1.742,65363
1.7477,65357
1.7534,65363
1.7591,65369
1.7648,65369
1.7706,65373
1.7763,65372
1.782,65375
1.7877,65371
1.7934,65371
1.7991,65509
1.8049,65507
1.8106,65507
1.8163,65507
1.822,65506
1.8277,65511
1.8334,65505
1.8391,65503
1.8448,65507
1.8505,65509
1.8563,65509
1.862,65509
1.8677,65513
1.8734,65513
1.8791,65510
1.8848,65505
1.8905,65509
1.8962,65510
1.9019,65512
1.9076,65510
1.9133,65508
1.919,65510
1.9248,65511
1.9305,65507
1.9362,65511
1.9419,65508
1.9476,65511
1.9533,65512
1.959,65511
1.9647,65510
1.9704,65510
1.9761,65505
1.9818,65511
1.9875,65511
1.9933,65511
1.999,65511
2.0047,65509
2.0104,65510
2.0161,65510
2.0218,65505
2.0275,65509
2.0332,65511
2.0389,65512
2.0446,65509
2.0503,65511
2.0561,65512
2.0618,65511
2.0675,65506
2.0732,65508
2.0789,65508
2.0846,65510
2.0903,65510
2.096,65510
2.1017,65509
2.1074,65403
2.1131,65401
2.1188,65407
2.1245,65405
2.1303,65403
2.136,65406
2.1417,65404
2.1474,65405
2.1531,65412
2.1588,65402
2.1645,65405
2.1702,65408
2.1759,65407
2.1816,65408
2.1873,65415
2.193,65409
2.1987,65417
2.2045,65505
2.2102,65509
2.2159,65509
2.2216,65509
2.2273,65511
2.233,65510
2.2387,65511
2.2444,65511
2.2501,65506
2.2558,65508
2.2615,65510
2.2672,65508
2.273,65513
2.2787,65510
2.2844,65511
2.2901,65511
2.2958,65505
2.3015,65511
2.3072,65506
2.3129,65509
2.3186,65506
2.3243,65509
2.33,65509
2.3357,65510
2.3415,65505
2.3472,65509
2.3529,65508
2.3586,65509
2.3643,65507
2.37,65511
2.3757,65510
2.3814,65511
2.3871,65505
2.3928,65510
2.3985,65507
2.4042,65508
2.41,65507
2.4157,65511
2.4214,65509
2.4271,65513
2.4328,65504
2.4385,65510
2.4442,65509
2.4499,65511
2.4556,65510
2.4613,65511
2.4671,65507
2.4728,65511
2.4785,65507
2.4842,65511
2.4899,65508
2.4956,65509
2.5013,65511
2.507,65508
2.5128,65508
2.5185,65508
2.5242,65501
2.5299,65508
2.5356,65507
2.5413,65509
2.547,65508
2.5527,65512
2.5584,65510
2.5641,65513
2.5698,65506
2.5755,65509
2.5812,65512
2.587,65513
2.5927,65513
2.5984,65511
2.6041,65511
2.6098,65509
2.6155,65505
2.6212,65512
2.6269,65512
2.6326,65510
2.6383,65509
2.644,65509
2.6497,65509
2.6555,65510
2.6612,65509
2.6669,65511
2.6726,65510
2.6783,65512
2.684,65509
2.6897,65512
2.6954,65511
2.7011,65506
2.7068,65503
2.7125,65507
2.7182,65509
2.7239,65510
2.7296,65509
2.7354,65507
2.7411,65508
2.7468,65508
2.7525,65508
2.7582,65508
2.7639,65505
2.7696,65509
2.7753,65509
2.781,65513
2.7867,65511
2.7924,65507
2.7981,65507
2.8038,65512
2.8095,65510
2.8153,65511
2.821,65509
2.8267,65511
2.8324,65511
2.8381,65507
2.8438,65503
2.8495,65508
2.8552,65508
2.8609,65509
2.8667,65506
2.8724,65510
2.8781,65508
2.8838,65507
2.8895,65502
2.8952,65507
2.9009,65506
2.9066,65511
2.9123,65511
2.918,65510
2.9237,65506
2.9294,65509
2.9351,65505
2.9409,65509
2.9466,65506
2.9523,65510
2.958,65509
2.9637,65507
2.9694,65507
2.9751,65509
2.9808,65502
2.9865,65506
2.9922,65509
2.998,65509
3.0037,65507
3.0094,65507
3.0151,65507
3.0208,65510
3.0265,65504
3.0322,65510
3.0379,65510
3.0436,65508
3.0493,65510
3.0551,65509
3.0608,65508
3.0665,65510
3.0722,65505
3.0779,65510
3.0836,65510
3.0893,65510
3.095,65509
3.1007,65510
3.1064,65511
3.1121,65511
3.1178,65506
3.1235,65512
3.1292,65510
3.1349,65510
3.1406,65509
3.1464,65512
3.1521,65509
3.1578,65509
3.1635,65505
3.1692,65511
3.1749,65509
3.1806,65508
3.1863,65508
3.192,65511
3.1977,65511
3.2034,65509
3.2092,65506
3.2149,65510
3.2206,65509
3.2263,65510
3.232,65505
3.2377,65510
3.2434,65509
3.2491,65509
3.2548,65503
3.2605,65510
3.2662,65511
3.2719,65510
3.2776,65510
3.2834,65510
3.2891,65507
3.2948,65510
3.3005,65505
3.3062,65509
3.3119,65508
3.3176,65506
3.3233,65509
3.329,65509
3.3347,65507
3.3404,65511
3.3461,65506
3.3519,65509
3.3576,65510
3.3633,65510
3.369,65508
3.3747,65508
3.3804,65509
3.3861,65510
3.3918,65501
3.3975,65512
3.4032,65512
3.4089,65508
3.4146,65511
3.4203,65510
3.4261,65511
3.4318,65508
3.4375,65504
3.4432,65509
3.4489,65506
3.4546,65510
3.4603,65509
3.466,65508
3.4717,65507
3.4774,65509
3.4831,65505
3.4889,65510
3.4946,65508
3.5003,65509
3.506,65508
3.5117,65511
3.5174,65507
3.5231,65509
3.5288,65503
3.5345,65507
3.5402,65508
3.5459,65507
3.5516,65507
3.5573,65509
3.563,65509
3.5688,65509
3.5745,65505
3.5802,65510
3.5859,65510
3.5916,65510
3.5973,65512
3.603,65511
3.6087,65510
3.6144,65511
3.6201,65507
3.6258,65510
3.6315,65509
3.6372,65512
3.6429,65511
3.6487,65512
3.6544,65511
3.6601,65512
3.6658,65506
3.6715,65509
3.6772,65512
3.6829,65508
3.6886,65511
3.6943,65511
3.7,65510
3.7057,65511
3.7114,65508
3.7172,65511
3.7229,65511
3.7286,65511
3.7343,65507
3.74,65510
3.7457,65510
3.7514,65512
3.7571,65507
3.7628,65512
3.7685,65509
3.7743,65509
3.78,65509
3.7857,65509
3.7914,65507
3.7971,65508
3.8028,65504
3.8085,65509
3.8142,65512
3.8199,65510
3.8257,65511
3.8314,65510
3.8371,65511
3.8428,65508
3.8485,65503
3.8542,65509
3.8599,65509
3.8656,65511
3.8713,65510
3.877,65511
3.8827,65510
3.8884,65511
3.8942,65505
3.8999,65509
3.9056,65509
3.9113,65509
3.917,65511
3.9227,65511
3.9284,65511
3.9341,65511
3.9398,65505
3.9455,65512
3.9513,65512
3.957,65512
3.9627,65512
3.9684,65508
3.9741,65507
3.9798,65510
3.9855,65504
3.9912,65509
3.9969,65510
4.0026,65508
4.0084,65511
4.0141,65511
4.0198,65510
4.0255,65511
4.0312,65506
4.0369,65510
4.0426,65509
4.0483,65508
4.054,65509
4.0597,65510
4.0654,65510
4.0712,65508
4.0769,65503
4.0826,65509
4.0883,65511
4.094,65509
4.0997,65509
4.1054,65510
4.1111,65511
4.1168,65511
4.1225,65502
4.1282,65511
4.134,65510
4.1397,65509
4.1454,65510
4.1511,65509
4.1568,65512
4.1625,65508
4.1682,65505
4.1739,65512
4.1796,65510
4.1854,65508
4.1911,65511
4.1968,65511
4.2025,65507
4.2082,65507
4.2139,65505
4.2196,65512
4.2253,65509
4.231,65511
4.2367,65511
4.2424,65511
4.2481,65511
4.2539,65511
4.2596,65508
4.2653,65510
4.271,65510
4.2767,65510
4.2824,65510
4.2881,65511
4.2938,65510
4.2995,65507
4.3052,65505
4.3109,65513
4.3166,65510
4.3224,65511
4.3281,65512
4.3338,65509
4.3395,65511
4.3452,65511
4.3509,65506
4.3566,65512
4.3623,65508
4.368,65510
4.3737,65511
4.3794,65510
4.3851,65512
4.3909,65511
4.3966,65506
4.4023,65511
4.408,65514
4.4137,65511
4.4194,65508
4.4251,65512
4.4308,65508
4.4365,65510
4.4422,65503
4.4479,65510
4.4536,65513
4.4594,65510
4.4651,65509
4.4708,65510
4.4765,65512
4.4822,65506
4.4879,65507
4.4936,65511
4.4993,65509
4.505,65508
4.5107,65512
4.5164,65512
4.5221,65509
4.5279,65510
4.5336,65506
4.5393,65510
4.545,65511
4.5507,65511
4.5564,65509
4.5621,65509
4.5678,65509
4.5735,65510
4.5792,65505
4.5849,65510
4.5906,65511
4.5964,65511
4.6021,65508
4.6078,65511
4.6135,65509
4.6192,65511
4.6249,65482
4.6306,65509
4.6363,65505
4.642,65508
4.6477,65510
4.6534,65510
4.6591,65510
4.6648,65509
4.6705,65504
4.6763,65508
4.682,65506
4.6877,65509
4.6934,65507
4.6991,65509
4.7048,65508
4.7105,65510
4.7162,65505
4.7219,65512
4.7276,65509
4.7333,65507
4.739,65506
4.7447,65507
4.7505,65505
4.7562,65506
4.7619,65506
4.7676,65510
4.7733,65508
4.779,65509
4.7847,65509
4.7904,65506
4.7961,65508
4.8018,65508
4.8075,65504
4.8133,65509
4.819,65504
4.8247,65507
4.8304,65507
4.8361,65508
4.8418,65505
4.8475,65510
4.8532,65502
4.8589,65510
4.8646,65507
4.8703,65510
4.8761,65508
4.8818,65507
4.8875,65507
4.8932,65509
4.8989,65505
4.9046,65506
4.9103,65507
4.916,65509
4.9217,65508
4.9274,65506
4.9331,65508
4.9388,65509
4.9445,65505
4.9502,65508
4.956,65508
4.9617,65507
4.9674,65507
4.9731,65508
4.9788,65509
4.9845,65509
4.9902,65503
4.9959,65510
5.0016,65507
5.0073,65506
5.013,65508
5.0188,65507
5.0245,65510
5.0302,65506
5.0359,65501
5.0416,65506
5.0473,65507
5.053,65506
5.0587,65507
5.0644,65504
5.0701,65506
5.0758,65506
5.0815,65502
5.0873,65510
5.093,65508
5.0987,65509
5.1044,65507
5.1101,65507
5.1158,65509
5.1215,65505
5.1272,65501
5.1329,65508
5.1386,65505
5.1443,65508
5.15,65508
5.1557,65508
5.1614,65505
5.1671,65510
5.1729,65499
5.1786,65506
5.1843,65508
5.19,65509
5.1957,65509
5.2014,65507
5.2071,65507
5.2128,65508
5.2185,65505
5.2242,65509
5.2299,65508
5.2356,65504
5.2414,65506
5.2471,65509
5.2528,65508
5.2585,65507
5.2642,65504
5.2699,65508
5.2756,65509
5.2813,65507
5.287,65510
5.2927,65510
5.2984,65504
5.3042,65507
5.3099,65501
5.3156,65505
5.3213,65509
5.327,65508
5.3327,65508
5.3384,65506
5.3441,65508
5.3498,65505
5.3556,65501
5.3613,65507
5.367,65505
5.3727,65509
5.3784,65507
5.3841,65505
5.3898,65505
5.3955,65507
5.4012,65502
5.4069,65509
5.4126,65507
5.4183,65508
5.4241,65508
5.4298,65508
5.4355,65510
5.4412,65510
5.4469,65504
5.4526,65509
5.4583,65507
5.464,65510
5.4697,65510
5.4754,65509
5.4812,65510
5.4869,65511
5.4926,65506
5.4983,65508
5.504,65510
5.5097,65507
5.5154,65509
5.5211,65507
5.5268,65506
5.5325,65507
5.5382,65503
5.5439,65508
5.5497,65511
5.5554,65507
5.5611,65508
5.5668,65506
5.5725,65509
5.5782,65507
5.5839,65502
5.5896,65510
5.5953,65507
5.601,65506
5.6067,65507
5.6124,65507
5.6182,65506
5.6239,65506
5.6296,65500
5.6353,65507
5.641,65506
5.6467,65506
5.6524,65502
5.6581,65505
5.6638,65509
5.6695,65505
5.6752,65498
5.6809,65506
5.6866,65506
5.6924,65504
5.6981,65507
5.7038,65502
5.7095,65504
5.7152,65509
5.7209,65502
5.7266,65509
5.7323,65506
5.738,65507
5.7437,65507
5.7494,65507
5.7551,65505
5.7608,65507
5.7665,65501
5.7723,65507
5.778,65505
5.7837,65507
5.7894,65507
5.7951,65510
5.8008,65509
5.8065,65507
5.8122,65505
5.8179,65508
5.8236,65505
5.8293,65507
5.835,65509
5.8407,65503
5.8465,65506
5.8522,65507
5.8579,65498
5.8636,65504
5.8693,65504
5.875,65505
5.8807,65507
5.8864,65507
5.8921,65508
5.8978,65509
5.9036,65502
5.9093,65509
5.915,65509
5.9207,65506
5.9264,65507
5.9321,65507
5.9378,65507
5.9435,65508
5.9493,65503
5.955,65504
5.9607,65505
5.9664,65509
5.9721,65507
5.9778,65508
5.9835,65509
5.9892,65508
5.9949,65505
6.0006,65507
6.0063,65507
6.0121,65508
6.0178,65508
6.0235,65508
6.0292,65507
6.0349,65507
6.0406,65501
6.0463,65508
6.052,65507
6.0577,65506
6.0634,65511
6.0691,65507
6.0748,65509
6.0805,65507
6.0863,65503
6.092,65507
6.0977,65505
6.1034,65507
6.1091,65505
6.1148,65505
6.1205,65512
6.1262,65507
6.1319,65501
6.1376,65510
6.1433,65510
6.149,65511
6.1548,65510
6.1605,65506
6.1662,65507
6.1719,65507
6.1776,65504
6.1833,65511
6.189,65510
6.1947,65508
6.2004,65506
6.2061,65506
6.2118,65506
6.2176,65508
6.2233,65504
6.229,65507
6.2347,65507
6.2404,65507
6.2461,65509
6.2518,65506
6.2575,65508
6.2632,65508
6.2689,65503
6.2747,65508
6.2804,65507
6.2861,65509
6.2918,65504
6.2975,65506
6.3032,65509
6.3089,65505
6.3146,65500
6.3203,65507
6.326,65504
6.3317,65504
6.3374,65508
6.3431,65506
6.3489,65509
6.3546,65507
6.3603,65503
6.366,65508
6.3717,65509
6.3774,65509
6.3831,65508
6.3888,65504
6.3945,65508
6.4002,65507
6.4059,65499
6.4116,65511
6.4174,65505
6.4231,65506
6.4288,65508
6.4345,65502
6.4402,65508
6.4459,65508
6.4516,65502
6.4573,65506
6.463,65506
6.4687,65510
6.4744,65502
6.4802,65508
6.4859,65509
6.4916,65507
6.4973,65500
6.503,65508
6.5087,65509
6.5144,65509
6.5201,65509
6.5258,65509
6.5315,65508
6.5372,65509
6.5429,65502
6.5486,65507
6.5544,65508
6.5601,65511
6.5658,65510
6.5715,65508
6.5772,65508
6.5829,65510
6.5886,65502
6.5943,65508
6.6,65507
6.6057,65508
6.6114,65507
6.6171,65507
6.6229,65509
6.6286,65507
6.6343,65500
6.64,65509
6.6457,65507
6.6514,65507
6.6571,65506
6.6628,65504
6.6685,65507
6.6742,65508
6.6799,65503
6.6856,65508
6.6914,65508
6.6971,65505
6.7028,65506
6.7085,65507
6.7142,65509
6.7199,65508
6.7256,65502
6.7313,65507
6.737,65505
6.7428,65508
6.7485,65507
6.7542,65506
6.7599,65510
6.7656,65507
6.7713,65500
6.777,65509
6.7827,65504
6.7884,65507
6.7941,65509
6.7998,65507
6.8056,65508
6.8113,65507
6.817,65504
6.8227,65507
6.8284,65507
6.8341,65509
6.8398,65508
6.8455,65509
6.8512,65507
6.8569,65506
6.8627,65501
6.8684,65508
6.8741,65507
6.8798,65507
6.8855,65507
6.8912,65506
6.8969,65506
6.9026,65505
6.9083,65502
6.914,65505
6.9197,65505
6.9254,65507
6.9311,65508
6.9368,65500
6.9426,65504
6.9483,65505
6.954,65499
6.9597,65507
6.9654,65511
6.9711,65507
6.9768,65506
6.9825,65504
6.9882,65503
6.9939,65504
6.9996,65503
7.0053,65506
7.0111,65507
7.0168,65509
7.0225,65508
7.0282,65506
7.0339,65506
7.0396,65504
7.0453,65499
7.051,65505
7.0567,65507
7.0624,65506
7.0682,65506
7.0739,65508
7.0796,65505
7.0853,65507
7.091,65501
7.0967,65505
7.1024,65506
7.1082,65506
7.1139,65507
7.1196,65505
7.1253,65508
7.131,65506
7.1367,65502
7.1424,65506
7.1481,65507
7.1538,65506
7.1595,65504
7.1652,65504
7.1709,65508
7.1767,65507
7.1824,65502
7.1881,65506
7.1938,65504
7.1995,65505
7.2052,65507
7.2109,65509
7.2166,65505
7.2223,65503
7.228,65500
7.2337,65506
7.2394,65506
7.2452,65509
7.2509,65505
7.2566,65509
7.2623,65502
7.268,65507
7.2737,65497
7.2794,65501
7.2851,65503
7.2908,65508
7.2965,65505
7.3022,65509
7.3079,65502
7.3137,65505
7.3194,65496
7.3251,65504
7.3308,65507
7.3365,65503
7.3422,65506
7.3479,65503
7.3536,65505
7.3593,65503
7.365,65494
7.3707,65500
7.3765,65507
7.3822,65509
7.3879,65505
7.3936,65504
7.3993,65504
7.405,65507
7.4107,65500
7.4164,65506
7.4221,65506
7.4278,65509
7.4335,65507
7.4392,65503
7.445,65506
7.4507,65508
7.4564,65501
7.4621,65505
7.4678,65511
7.4735,65508
7.4792,65508
7.4849,65506
7.4906,65507
7.4963,65507
7.502,65503
7.5077,65509
7.5134,65507
7.5192,65505
7.5249,65506
7.5306,65508
7.5363,65507
7.542,65510
7.5477,65504
7.5534,65507
7.5591,65506
7.5648,65504
7.5705,65505
7.5762,65504
7.5819,65505
7.5876,65502
7.5933,65501
7.5991,65508
7.6048,65506
7.6105,65503
7.6162,65503
7.6219,65505
7.6276,65505
7.6333,65507
7.639,65503
7.6447,65502
7.6504,65503
7.6561,65505
7.6618,65505
7.6675,65503
7.6733,65505
7.679,65504
7.6847,65494
7.6904,65504
7.6961,65504
7.7018,65502
7.7075,65504
7.7132,65500
7.7189,65504
7.7246,65502
7.7304,65497
7.7361,65502
7.7418,65499
7.7475,65503
7.7532,65503
7.7589,65503
7.7646,65504
7.7703,65503
7.776,65498
7.7817,65504
7.7874,65500
7.7931,65505
7.7989,65498
7.8046,65501
7.8103,65505
7.816,65506
7.8217,65499
7.8274,65503
7.8331,65503
7.8388,65504
7.8445,65503
7.8503,65500
7.856,65506
7.8617,65503
7.8674,65495
7.8731,65506
7.8788,65504
7.8845,65503
7.8902,65504
7.8959,65499
7.9016,65504
7.9073,65504
7.913,65500
7.9187,65504
7.9245,65503
7.9302,65504
7.9359,65504
7.9416,65505
7.9473,65502
7.953,65503
7.9587,65497
7.9644,65505
7.9701,65506
7.9758,65503
7.9815,65505
7.9873,65502
7.993,65502
7.9987,65502
8.0044,65497
8.0101,65502
8.0158,65504
8.0215,65509
8.0272,65504
8.0329,65503
8.0386,65504
8.0444,65505
8.0501,65503
8.0558,65503
8.0615,65502
8.0672,65506
8.0729,65504
8.0786,65505
8.0843,65502
8.09,65504
8.0957,65497
8.1014,65506
8.1071,65506
8.1129,65507
8.1186,65505
8.1243,65505
8.13,65504
8.1357,65505
8.1414,65502
8.1471,65505
8.1528,65507
8.1585,65501
8.1642,65506
8.1699,65503
8.1757,65508
8.1814,65505
8.1871,65499
8.1928,65502
8.1985,65502
8.2042,65503
8.2099,65505
8.2156,65506
8.2213,65504
8.227,65503
8.2328,65504
8.2385,65506
8.2442,65506
8.2499,65508
8.2556,65503
8.2613,65505
8.267,65506
8.2727,65504
8.2784,65501
8.2841,65502
8.2898,65506
8.2955,65505
8.3012,65505
8.3069,65507
8.3127,65509
8.3184,65502
8.3241,65499
8.3298,65504
8.3355,65507
8.3412,65504
8.3469,65502
8.3526,65508
8.3583,65497
8.364,65507
8.3697,65498
8.3754,65504
8.3812,65503
8.3869,65504
8.3926,65504
8.3983,65505
8.404,65505
8.4097,65503
8.4154,65497
8.4211,65508
8.4268,65503
8.4325,65502
8.4382,65507
8.4439,65506
8.4496,65500
8.4554,65497
8.4611,65499
8.4668,65504
8.4725,65500
8.4782,65500
8.4839,65504
8.4896,65500
8.4953,65503
8.501,65504
8.5067,65497
8.5124,65505
8.5181,65507
8.5239,65505
8.5296,65505
8.5353,65502
8.541,65504
8.5467,65500
8.5524,65495
8.5581,65504
8.5638,65506
8.5695,65504
8.5752,65499
8.5809,65505
8.5866,65503
8.5924,65503
8.5981,65501
8.6038,65503
8.6095,65504
8.6152,65507
8.6209,65504
8.6266,65503
8.6323,65502
8.638,65500
8.6437,65499
8.6494,65498
8.6551,65503
8.6609,65505
8.6666,65496
8.6723,65504
8.678,65507
8.6837,65505
8.6894,65496
8.6951,65501
8.7008,65506
8.7065,65509
8.7122,65499
8.7179,65503
8.7236,65503
8.7293,65503
8.7351,65498
8.7408,65506
8.7465,65506
8.7522,65502
8.7579,65502
8.7636,65503
8.7693,65504
8.775,65502
8.7807,65498
8.7864,65503
8.7921,65507
8.7978,65504
8.8036,65502
8.8093,65506
8.815,65503
8.8207,65503
8.8264,65500
8.8321,65501
8.8378,65500
8.8435,65499
8.8492,65503
8.8549,65507
8.8606,65500
8.8663,65501
8.872,65498
8.8778,65506
8.8835,65505
8.8892,65506
8.8949,65507
8.9006,65504
8.9063,65504
8.912,65506
8.9177,65501
8.9234,65502
8.9291,65503
8.9348,65504
8.9405,65503
8.9463,65505
8.952,65506
8.9577,65503
8.9634,65498
8.9691,65507
8.9748,65509
8.9805,65505
8.9862,65503
8.9919,65502
8.9976,65506
9.0033,65505
9.009,65499
9.0147,65504
9.0205,65502
9.0262,65503
9.0319,65502
9.0376,65506
9.0433,65505
9.049,65505
9.0547,65497
9.0604,65501
9.0661,65500
9.0718,65502
9.0776,65504
9.0833,65504
9.089,65500
9.0947,65504
9.1004,65493
9.1061,65504
9.1118,65503
9.1175,65504
9.1232,65504
9.1289,65500
9.1346,65503
9.1403,65500
9.146,65493
9.1518,65504
9.1575,65504
9.1632,65506
9.1689,65500
9.1746,65506
9.1803,65500
9.186,65504
9.1917,65490
9.1974,65505
9.2031,65504
9.2088,65501
9.2145,65502
9.2203,65502
9.226,65503
9.2317,65502
9.2374,65497
9.2431,65502
9.2488,65501
9.2545,65504
9.2602,65504
9.2659,65506
9.2716,65504
9.2774,65504
9.2831,65497
9.2888,65502
9.2945,65501
9.3002,65506
9.3059,65504
9.3116,65497
9.3173,65501
9.323,65500
9.3287,65494
9.3344,65504
9.3401,65499
9.3459,65501
9.3516,65500
9.3573,65501
9.363,65506
9.3687,65504
9.3744,65490
9.3801,65499
9.3858,65505
9.3915,65505
9.3972,65508
9.4029,65501
9.4087,65498
9.4144,65505
9.4201,65497
9.4258,65504
9.4315,65504
9.4372,65504
9.4429,65502
9.4486,65500
9.4543,65504
9.4601,65504
9.4658,65498
9.4715,65504
9.4772,65501
9.4829,65500
9.4886,65503
9.4943,65506
9.5,65501
9.5057,65504
9.5114,65497
9.5171,65504
9.5229,65503
9.5286,65500
9.5343,65503
9.54,65502
9.5457,65502
9.5514,65503
9.5571,65498
9.5628,65500
9.5685,65500
9.5742,65503
9.5799,65498
9.5857,65499
9.5914,65502
9.5971,65501
9.6028,65497
9.6085,65500
9.6142,65499
9.6199,65505
9.6256,65503
9.6313,65501
9.6371,65500
9.6428,65502
9.6485,65498
9.6542,65502
9.6599,65503
9.6656,65500
9.6713,65500
9.677,65499
9.6827,65502
9.6884,65501
9.6941,65497
9.6998,65504
9.7055,65505
9.7112,65498
9.7169,65496
9.7227,65503
9.7284,65503
9.7341,65500
9.7398,65501
9.7455,65501
9.7512,65498
9.7569,65502
9.7626,65505
9.7683,65501
9.774,65503
9.7797,65503
9.7854,65492
9.7911,65501
9.7969,65503
9.8026,65507
9.8083,65501
9.814,65497
9.8197,65501
9.8254,65501
9.8311,65497
9.8368,65507
9.8426,65502
9.8483,65503
9.854,65503
9.8597,65503
9.8654,65500
9.8711,65497
9.8768,65497
9.8825,65503
9.8882,65504
9.8939,65501
9.8996,65502
9.9053,65499
9.9111,65502
9.9168,65503
9.9225,65496
9.9282,65502
9.9339,65504
9.9396,65504
9.9453,65501
9.951,65502
9.9567,65504
9.9624,65500
9.9681,65498
9.9738,65500
9.9796,65504
9.9853,65503
9.991,65502
9.9967,65496
10.0024,65498
10.0081,65502
10.0138,65488
10.0195,65500
10.0252,65500
10.0309,65499
10.0366,65501
10.0424,65501
10.0481,65503
10.0538,65506
10.0595,65493
10.0652,65496
10.0709,65503
10.0766,65501
10.0823,65500
10.088,65498
10.0937,65501
10.0994,65503
10.1051,65497
10.1108,65501
10.1166,65503
10.1223,65499
10.128,65505
10.1337,65502
10.1394,65498
10.1451,65496
10.1508,65496
10.1565,65502
10.1622,65503
10.1679,65501
10.1737,65500
10.1794,65506
10.1851,65503
10.1908,65503
10.1965,65499
10.2022,65501
10.2079,65504
10.2136,65499
10.2193,65503
10.2251,65502
10.2308,65502
10.2365,65506
10.2422,65498
10.2479,65501
10.2536,65504
10.2593,65502
10.265,65502
10.2707,65503
10.2764,65493
10.2821,65503
10.2878,65498
10.2936,65503
10.2993,65503
10.305,65505
10.3107,65501
10.3164,65505
10.3221,65498
10.3278,65501
10.3335,65496
10.3392,65503
10.3449,65500
10.3506,65503
10.3564,65504
10.3621,65503
10.3678,65500
10.3735,65503
10.3792,65495
10.3849,65497
10.3906,65499
10.3963,65506
10.402,65501
10.4077,65502
10.4134,65501
10.4192,65497
10.4249,65496
10.4306,65503
10.4363,65500
10.442,65501
10.4477,65503
10.4534,65501
10.4591,65499
10.4648,65501
10.4705,65492
10.4762,65495
10.482,65504
10.4877,65497
10.4934,65502
10.4991,65504
10.5048,65501
10.5105,65501
10.5162,65495
10.5219,65500
10.5276,65503
10.5333,65500
10.539,65503
10.5447,65505
10.5504,65502
10.5562,65506
10.5619,65493
10.5676,65503
10.5733,65498
10.579,65498
10.5847,65499
10.5904,65501
10.5961,65496
10.6018,65501
10.6075,65493
10.6132,65504
10.6189,65501
10.6246,65500
10.6304,65499
10.6361,65503
10.6418,65502
10.6475,65500
10.6532,65491
10.6589,65503
10.6646,65498
10.6703,65505
10.676,65501
10.6817,65500
10.6874,65497
10.6932,65492
10.6989,65497
10.7046,65503
10.7103,65495
10.716,65499
10.7217,65500
10.7274,65502
10.7331,65501
10.7388,65504
10.7445,65495
10.7503,65507
10.756,65499
10.7617,65501
10.7674,65498
10.7731,65502
10.7788,65501
10.7845,65500
10.7902,65496
10.7959,65503
10.8016,65503
10.8073,65500
10.813,65503
10.8188,65500
10.8245,65505
10.8302,65502
10.8359,65496
10.8416,65501
10.8473,65502
10.853,65504
10.8587,65504
10.8644,65504
10.8701,65502
10.8758,65502
10.8815,65501
10.8873,65506
10.893,65501
10.8987,65503
10.9044,65503
10.9101,65503
10.9158,65501
10.9215,65506
10.9272,65498
10.9329,65503
10.9386,65503
10.9443,65505
10.95,65500
10.9557,65505
10.9615,65502
10.9672,65501
10.9729,65495
10.9786,65502
10.9843,65502
10.99,65501
10.9957,65500
11.0014,65503
11.0071,65504
11.0128,65501
11.0185,65494
11.0242,65502
11.03,65505
11.0357,65503
11.0414,65503
11.0471,65501
11.0528,65504
11.0585,65505
11.0642,65493
11.0699,65503
11.0756,65501
11.0813,65499
11.087,65504
11.0928,65499
11.0985,65499
11.1042,65502
11.1099,65497
11.1156,65503
11.1213,65507
11.127,65504
11.1327,65502
11.1384,65502
11.1441,65504
11.1498,65503
11.1555,65495
11.1613,65499
11.167,65502
11.1727,65503
11.1784,65503
11.1841,65502
11.1898,65503
11.1955,65504
11.2012,65498
11.2069,65506
11.2126,65508
11.2183,65502
11.224,65505
11.2298,65505
11.2355,65504
11.2412,65504
11.2469,65502
11.2526,65502
11.2583,65500
11.264,65503
11.2697,65503
11.2754,65501
11.2811,65494
11.2868,65500
11.2925,65500
11.2982,65503
11.3039,65499
11.3097,65501
11.3154,65505
11.3211,65503
11.3268,65499
11.3325,65506
11.3382,65497
11.3439,65506
11.3496,65508
11.3553,65502
11.361,65500
11.3667,65505
11.3725,65504
11.3782,65503
11.3839,65497
11.3896,65505
11.3953,65505
11.401,65505
11.4067,65504
11.4124,65502
11.4181,65502
11.4238,65499
11.4295,65498
11.4352,65506
11.4409,65497
11.4467,65506
11.4524,65503
11.4581,65505
11.4638,65501
11.4695,65506
11.4752,65501
11.4809,65502
11.4866,65504
11.4923,65508
11.498,65501
11.5037,65500
11.5094,65504
11.5151,65506
11.5208,65499
11.5266,65503
11.5323,65500
11.538,65504
11.5437,65497
11.5494,65502
11.5551,65501
11.5608,65502
11.5665,65494
11.5722,65502
11.5779,65503
11.5837,65505
11.5894,65505
11.5951,65504
11.6008,65502
11.6065,65502
11.6122,65498
11.6179,65499
11.6236,65497
11.6293,65504
11.635,65498
11.6407,65504
11.6464,65502
11.6522,65504
11.6579,65498
11.6636,65499
11.6693,65497
11.675,65500
11.6807,65503
11.6864,65500
11.6921,65493
11.6978,65498
11.7035,65494
11.7092,65502
11.7149,65501
11.7207,65501
11.7264,65500
11.7321,65501
11.7378,65500
11.7435,65499
11.7492,65494
11.7549,65503
11.7606,65503
11.7663,65504
11.772,65503
11.7777,65497
11.7834,65500
11.7892,65500
11.7949,65498
11.8006,65496
11.8063,65492
11.812,65499
11.8177,65500
11.8234,65501
11.8291,65491
11.8348,65495
11.8405,65494
11.8462,65498
11.8519,65504
11.8577,65505
11.8634,65500
11.8691,65499
11.8748,65503
11.8805,65504
11.8862,65490
11.8919,65501
11.8976,65500
11.9033,65498
11.909,65506
11.9147,65504
11.9205,65499
11.9262,65500
11.9319,65491
11.9376,65500
11.9433,65500
11.949,65503
11.9547,65491
11.9604,65499
11.9661,65496
11.9718,65502
11.9775,65490
11.9833,65503
11.989,65501
11.9947,65501
12.0004,65502
12.0061,65501
12.0118,65505
12.0175,65500
12.0232,65494
12.0289,65492
12.0346,65500
12.0403,65497
12.046,65503
12.0517,65490
12.0575,65502
12.0632,65501
12.0689,65492
12.0746,65502
12.0803,65497
12.086,65501
12.0917,65503
12.0974,65499
12.1031,65502
12.1088,65499
12.1145,65493
12.1202,65500
12.1259,65504
12.1316,65500
12.1374,65501
12.1431,65500
12.1488,65502
12.1545,65501
12.1602,65494
12.1659,65502
12.1716,65502
12.1773,65503
12.183,65500
12.1887,65501
12.1944,65498
12.2001,65500
12.2058,65499
12.2116,65505
12.2173,65501
12.223,65500
12.2287,65505
12.2344,65501
12.2401,65491
12.2458,65504
12.2515,65492
12.2572,65502
12.2629,65500
12.2686,65503
12.2744,65498
12.2801,65491
12.2858,65503
12.2915,65501
12.2972,65498
12.3029,65501
12.3086,65501
12.3143,65500
12.32,65502
12.3257,65500
12.3314,65504
12.3371,65499
12.3428,65497
12.3486,65500
12.3543,65506
12.36,65503
12.3657,65492
12.3714,65502
12.3771,65500
12.3828,65500
12.3885,65497
12.3942,65503
12.3999,65491
12.4056,65501
12.4113,65501
12.4171,65503
12.4228,65501
12.4285,65496
12.4342,65496
12.4399,65499
12.4456,65502
12.4513,65500
12.457,65505
12.4627,65501
12.4684,65501
12.4741,65501
12.4798,65493
12.4856,65501
12.4913,65500
12.497,65502
12.5027,65499
12.5084,65502
12.5141,65503
12.5198,65498
12.5255,65497
12.5312,65498
12.5369,65502
12.5426,65497
12.5483,65499
12.5541,65497
12.5598,65497
12.5655,65503
12.5712,65498
12.5769,65500
12.5826,65500
12.5883,65500
12.594,65497
12.5997,65497
12.6054,65497
12.6112,65495
12.6169,65492
12.6226,65500
12.6283,65490
12.634,65497
12.6397,65499
12.6454,65499
12.6511,65498
12.6568,65500
12.6625,65493
12.6682,65496
12.674,65503
12.6797,65501
12.6854,65500
12.6911,65500
12.6968,65497
12.7025,65501
12.7082,65493
12.7139,65501
12.7196,65501
12.7253,65487
12.731,65500
12.7367,65500
12.7425,65501
12.7482,65499
12.7539,65490
12.7596,65500
12.7653,65502
12.771,65503
12.7767,65499
12.7824,65501
12.7881,65504
12.7938,65501
12.7996,65497
12.8053,65499
12.811,65501
12.8167,65498
12.8224,65502
12.8281,65499
12.8338,65500
12.8395,65503
12.8452,65493
12.8509,65502
12.8566,65500
12.8623,65504
12.8681,65495
12.8738,65490
12.8795,65500
12.8852,65496
12.8909,65493
12.8966,65501
12.9023,65494
12.908,65498
12.9137,65500
12.9194,65505
12.9252,65501
12.9309,65498
12.9366,65494
12.9423,65501
12.948,65504
12.9537,65502
12.9594,65501
12.9651,65505
12.9708,65499
12.9765,65500
12.9822,65496
12.9879,65501
12.9936,65499
12.9993,65500
13.0051,65502
13.0108,65503
13.0165,65502
13.0222,65502
13.0279,65495
13.0336,65500
13.0393,65499
13.045,65498
13.0507,65496
13.0565,65496
13.0622,65495
13.0679,65501
13.0736,65490
13.0793,65502
13.085,65503
13.0907,65497
13.0964,65502
13.1021,65499
13.1078,65498
13.1136,65503
13.1193,65487
13.125,65501
13.1307,65498
13.1364,65498
13.1421,65501
13.1478,65495
13.1535,65498
13.1592,65500
13.1649,65495
13.1706,65501
13.1763,65496
13.1821,65502
13.1878,65496
13.1935,65502
13.1992,65497
13.2049,65499
13.2106,65496
13.2163,65504
13.222,65503
13.2277,65500
13.2334,65505
13.2391,65501
13.2448,65501
13.2505,65502
13.2563,65489
13.262,65501
13.2677,65498
13.2734,65501
13.2791,65493
13.2848,65497
13.2905,65501
13.2962,65501
13.3019,65491
13.3076,65502
13.3133,65501
13.319,65499
13.3248,65491
13.3305,65496
13.3362,65498
13.3419,65499
13.3476,65495
13.3533,65497
13.359,65501
13.3647,65500
13.3704,65505
13.3761,65501
13.3818,65499
13.3875,65495
13.3932,65493
13.3989,65498
13.4047,65499
13.4104,65501
13.4161,65500
13.4218,65497
13.4275,65500
13.4332,65498
13.4389,65491
13.4446,65498
13.4503,65495
13.456,65505
13.4617,65501
13.4674,65497
13.4731,65499
13.4789,65500
13.4846,65494
13.4903,65502
13.496,65498
13.5017,65498
13.5074,65500
13.5131,65502
13.5188,65497
13.5245,65501
13.5302,65499
13.536,65499
13.5417,65492
13.5474,65503
13.5531,65501
13.5588,65499
13.5645,65502
13.5702,65499
13.5759,65491
13.5816,65502
13.5874,65497
13.5931,65504
13.5988,65502
13.6045,65497
13.6102,65497
13.6159,65493
13.6216,65492
13.6273,65498
13.633,65495
13.6387,65501
13.6444,65499
13.6501,65497
13.6558,65500
13.6615,65503
13.6673,65488
13.673,65503
13.6787,65500
13.6844,65499
13.6901,65501
13.6958,65504
13.7015,65494
13.7072,65498
13.7129,65495
13.7186,65506
13.7243,65503
13.7301,65498
13.7358,65502
13.7415,65502
13.7472,65502
13.7529,65502
13.7586,65493
13.7643,65500
13.77,65504
13.7757,65500
13.7814,65493
13.7871,65504
13.7929,65502
13.7986,65501
13.8043,65496
13.81,65502
13.8157,65501
13.8214,65498
13.8271,65500
13.8328,65497
13.8385,65500
13.8442,65501
13.8499,65495
13.8556,65503
13.8614,65502
13.8671,65503
13.8728,65502
13.8785,65501
13.8842,65499
13.8899,65500
13.8956,65497
13.9013,65501
13.907,65500
13.9127,65494
13.9184,65502
13.9242,65501
13.9299,65502
13.9356,65496
13.9413,65495
13.947,65500
13.9527,65504
13.9584,65487
13.9641,65502
13.9698,65503
13.9755,65499
13.9812,65506
13.9869,65493
13.9927,65502
13.9984,65505
14.0041,65506
14.0098,65500
14.0155,65498
14.0212,65497
14.0269,65503
14.0326,65494
14.0383,65501
14.044,65503
14.0497,65497
14.0554,65496
14.0612,65491
14.0669,65497
14.0726,65504
14.0783,65495
14.084,65498
14.0897,65497
14.0954,65501
14.1011,65502
14.1068,65501
14.1125,65495
14.1182,65505
14.1239,65491
14.1296,65502
14.1354,65500
14.1411,65500
14.1468,65497
14.1525,65502
14.1582,65500
14.1639,65503
14.1696,65495
14.1753,65502
14.181,65498
14.1867,65501
14.1924,65496
14.1981,65497
14.2038,65499
14.2096,65495
14.2153,65497
14.221,65498
14.2267,65500
14.2324,65498
14.2381,65501
14.2438,65499
14.2495,65496
14.2552,65499
14.2609,65496
14.2666,65499
14.2723,65501
14.278,65497
14.2838,65498
14.2895,65498
14.2952,65496
14.3009,65499
14.3066,65493
14.3123,65496
14.318,65499
14.3237,65501
14.3294,65502
14.3351,65499
14.3408,65498
14.3465,65499
14.3523,65491
14.358,65500
14.3637,65498
14.3694,65503
14.3751,65485
14.3808,65491
14.3865,65499
14.3922,65491
14.3979,65492
14.4036,65495
14.4093,65496
14.415,65497
14.4208,65499
14.4265,65496
14.4322,65500
14.4379,65500
14.4436,65493
14.4493,65486
14.455,65496
14.4607,65498
14.4664,65501
14.4721,65495
14.4778,65497
14.4835,65493
14.4893,65492
14.495,65498
14.5007,65498
14.5064,65500
14.5121,65498
14.5178,65498
14.5235,65498
14.5292,65499
14.5349,65493
14.5406,65499
14.5464,65497
14.5521,65497
14.5578,65494
14.5635,65497
14.5692,65496
14.5749,65494
14.5806,65494
14.5863,65502
14.592,65488
14.5977,65499
14.6034,65502
14.6092,65497
14.6149,65497
14.6206,65498
14.6263,65491
14.632,65502
14.6377,65497
14.6434,65500
14.6491,65500
14.6548,65500
14.6605,65496
14.6662,65499
14.6719,65492
14.6777,65496
14.6834,65500
14.6891,65501
14.6948,65498
14.7005,65502
14.7062,65499
14.7119,65499
14.7176,65493
14.7233,65500
14.729,65497
14.7347,65503
14.7404,65500
14.7461,65503
14.7519,65499
14.7576,65500
14.7633,65494
14.769,65499
14.7747,65502
14.7804,65498
14.7861,65498
14.7918,65501
14.7975,65493
14.8032,65496
14.8089,65493
14.8146,65499
14.8204,65504
14.8261,65500
14.8318,65500
14.8375,65498
14.8432,65498
14.8489,65500
14.8546,65493
14.8603,65501
14.866,65500
14.8717,65494
14.8774,65501
14.8831,65498
14.8888,65498
14.8945,65498
14.9002,65491
14.906,65499
14.9117,65498
14.9174,65498
14.9231,65497
14.9288,65501
14.9345,65499
14.9402,65500
14.9459,65489
14.9516,65501
14.9573,65500
14.963,65502
14.9688,65500
14.9745,65493
14.9802,65496
14.9859,65496
14.9916,65491
14.9973,65498
15.003,65501
15.0087,65496
15.0144,65499
15.0202,65495
15.0259,65504
15.0316,65501
15.0373,65492
15.043,65501
15.0487,65502
15.0544,65502
15.0601,65503
15.0658,65500
15.0715,65500
15.0773,65500
15.083,65496
15.0887,65502
15.0944,65498
15.1001,65503
15.1058,65501
15.1115,65505
15.1172,65503
15.1229,65492
15.1286,65494
15.1343,65501
15.14,65506
15.1458,65490
15.1515,65500
15.1572,65505
15.1629,65502
15.1686,65504
15.1743,65484
15.18,65500
15.1857,65501
15.1914,65502
15.1971,65499
15.2028,65502
15.2086,65503
15.2143,65502
15.22,65488
15.2257,65490
15.2314,65491
15.2371,65495
15.2428,65501
15.2485,65499
15.2542,65496
15.2599,65497
15.2656,65489
15.2714,65494
15.2771,65499
15.2828,65497
15.2885,65479
15.2942,65490
15.2999,65481
15.3056,65493
15.3113,65477
15.317,65486
15.3227,65489
15.3284,65491
15.3341,65483
15.3398,65490
15.3456,65495
15.3513,65498
15.357,65487
15.3627,65498
15.3684,65500
15.3741,65496
15.3798,65488
15.3855,65491
15.3912,65497
15.3969,65499
15.4026,65491
15.4083,65499
15.4141,65490
15.4198,65495
15.4255,65501
15.4312,65498
15.4369,65497
15.4426,65488
15.4483,65479
15.454,65495
15.4597,65486
15.4654,65481
15.4711,65473
15.4768,65466
15.4825,65462
15.4883,65432
15.494,65411
15.4997,65397
15.5054,65371
15.5111,65353
15.5168,65331
15.5225,65294
15.5282,65274
15.5339,65253
15.5396,65231
15.5453,65223
15.551,65199
15.5568,65193
15.5625,65192
15.5682,65176
15.5739,65167
15.5796,65153
15.5853,65150
15.591,65140
15.5967,65132
15.6024,65126
15.6081,65114
15.6138,65099
15.6196,65083
15.6253,65062
15.631,65051
15.6367,65041
15.6424,65019
15.6481,65002
15.6538,64987
15.6595,64983
15.6652,64970
15.6709,64952
15.6766,64949
15.6823,64945
15.688,64938
15.6937,64931
15.6994,64939
15.7052,64933
15.7109,64929
15.7166,64926
15.7223,64920
15.728,64921
15.7337,64910
15.7394,64902
15.7451,64889
15.7508,64886
15.7565,64884
15.7622,64878
15.7679,64871
15.7736,64867
15.7794,64857
15.7851,64858
15.7908,64851
15.7965,64844
15.8022,64839
15.8079,64832
15.8136,64832
15.8193,64836
15.825,64827
15.8307,64832
15.8364,64823
15.8422,64820
15.8479,64818
15.8536,64813
15.8593,64811
15.865,64811
15.8707,64806
15.8764,64798
15.8821,64797
15.8878,64793
15.8935,64795
15.8992,64790
15.9049,64787
15.9106,64782
15.9164,64778
15.9221,64770
15.9278,64770
15.9335,64772
15.9392,64763
15.9449,64761
15.9506,64752
15.9563,64749
15.962,64746
15.9677,64745
15.9734,64743
15.9792,64731
15.9849,64730
15.9906,64731
15.9963,64726
16.002,64725
16.0077,64722
16.0134,64719
16.0191,64714
16.0248,64701
16.0305,64706
16.0362,64699
16.0419,64700
16.0477,64699
16.0534,64692
16.0591,64693
16.0648,64686
16.0705,64682
16.0762,64674
16.0819,64679
16.0876,64677
16.0933,64685
16.099,64675
16.1047,64669
16.1104,64669
16.1161,64671
16.1219,64673
16.1276,64662
16.1333,64656
16.139,64662
16.1447,64659
16.1504,64661
16.1561,64665
16.1618,64134
16.1675,64143
16.1732,64129
16.1789,64133
16.1847,64125
16.1904,64122
16.1961,64159
16.2018,64154
16.2075,64152
16.2132,64143
16.2189,64110
16.2246,64127
16.2303,64125
16.2361,64156
16.2418,64134
16.2475,64123
16.2532,64128
16.2589,64133
16.2646,64145
16.2703,64156
16.276,64165
16.2817,64167
16.2874,64225
16.2932,64353
16.2989,64315
16.3046,62832
16.3103,64145
16.316,64144
16.3217,64141
16.3274,64146
16.3331,64143
16.3388,64138
16.3445,64126
16.3502,64123
16.356,64119
16.3617,64116
16.3674,64126
16.3731,64122
16.3788,64152
16.3845,64122
16.3902,64130
16.3959,64095
16.4016,64122
16.4073,64126
16.413,64334
16.4187,64223
16.4244,64169
16.4302,64151
16.4359,64233
16.4416,64314
16.4473,64310
16.453,64299
16.4587,64318
16.4644,64325
16.4701,64316
16.4758,64415
16.4816,64157
16.4873,64331
16.493,64336
16.4987,64120
16.5044,64315
16.5101,64317
16.5158,64258
16.5215,64366
16.5272,64110
16.5329,64109
16.5386,64099
16.5443,64093
16.5501,64108
16.5558,64094
16.5615,64083
16.5672,64104
16.5729,64106
16.5786,64101
16.5843,64100
16.59,64093
16.5957,64092
16.6014,64070
16.6072,64062
16.6129,64071
16.6186,64076
16.6243,64077
16.63,64087
16.6357,64084
16.6414,64086
16.6471,64080
16.6528,64083
16.6585,64104
16.6642,64126
16.6699,64109
16.6757,64103
16.6814,64095
16.6871,64079
16.6928,64101
16.6985,64102
16.7042,64092
16.7099,64095
16.7156,64099
16.7213,64122
16.727,64117
16.7328,64110
16.7385,64101
16.7442,64093
16.7499,64109
16.7556,64117
16.7613,64110
16.767,64077
16.7727,64064
16.7784,64070
16.7841,64075
16.7898,64067
16.7955,64060
16.8013,64307
16.807,64085
16.8127,64083
16.8184,64173
16.8241,64085
16.8298,64057
16.8355,64070
16.8412,64052
16.8469,64072
16.8526,64096
16.8583,64174
16.864,64063
16.8698,64081
16.8755,64091
16.8812,64087
16.8869,64257
16.8926,64271
16.8983,64295
16.904,64293
16.9097,64293
16.9154,64241
16.9211,62390
16.9268,64187
16.9325,64312
16.9383,63762
16.944,64326
16.9497,64330
16.9554,64341
16.9611,64313
16.9668,64313
