0.0004,63018
0.003,62953
0.0061,62947
0.0119,63894
0.0177,62985
0.0235,62977
0.0292,62980
0.035,62964
0.0407,62963
0.0464,62954
0.0521,62951
0.0578,62944
0.0635,62984
0.0692,62978
0.0749,62979
0.0806,62957
0.0864,62953
0.0921,62965
0.0978,62965
0.1035,62902
0.1092,62905
0.1149,62908
0.1206,62918
0.1263,64063
0.132,64021
0.1377,63529
0.1434,62960
0.1491,63125
0.1549,63019
0.1606,63042
0.1663,63011
0.172,62947
0.1777,63018
0.1834,62977
0.1891,63013
0.1948,62985
0.2005,63007
0.2062,62965
0.2119,62973
0.2176,62977
0.2233,63036
0.2291,63046
0.2348,63084
0.2405,63121
0.2462,63000
0.2519,62993
0.2576,63074
0.2633,63059
0.269,63059
0.2747,63069
0.2804,63059
0.2861,63064
0.2918,62990
0.2976,62982
0.3033,62996
0.309,63031
0.3147,63068
0.3204,63099
0.3261,63098
0.3318,63066
0.3375,63162
0.3432,63051
0.3489,63089
0.3546,63146
0.3604,63166
0.3661,63111
0.3718,63058
0.3775,63107
0.3832,63167
0.3889,63104
0.3946,63106
0.4003,63059
0.406,63116
0.4117,63099
0.4174,63115
0.4232,63075
0.4289,63093
0.4346,63091
0.4403,63074
0.446,63076
0.4517,63080
0.4574,63074
0.4631,63085
0.4688,63129
0.4745,63085
0.4802,63085
0.4859,63090
0.4917,63097
0.4974,63097
0.5031,63108
0.5088,63114
0.5145,63092
0.5202,63119
0.5259,63108
0.5316,63111
0.5373,63099
0.543,63186
0.5487,63118
0.5544,63132
0.5602,63118
0.5659,63128
0.5716,63130
0.5773,63206
0.583,63144
0.5887,63152
0.5944,63144
0.6001,63158
0.6058,63158
0.6115,63199
0.6172,63165
0.6229,63175
0.6287,63184
0.6344,63229
0.6401,63208
0.6458,63233
0.6515,63214
0.6572,63146
0.6629,63200
0.6686,63126
0.6743,63136
0.6801,63148
0.6858,63154
0.6915,63148
0.6972,63150
0.7029,63175
0.7086,64395
0.7143,63152
0.72,63167
0.7257,63127
0.7314,63137
0.7371,63135
0.7429,63139
0.7486,63166
0.7543,63227
0.76,63147
0.7657,61633
0.7714,63184
0.7771,63192
0.7828,63183
0.7885,63181
0.7942,63155
0.7999,63156
0.8057,63172
0.8114,63165
0.8171,63165
0.8228,63361
0.8285,63593
0.8342,63185
0.8399,63198
0.8456,63201
0.8513,63241
0.857,63231
0.8627,63211
0.8684,63185
0.8741,63244
0.8799,63244
0.8856,63239
0.8913,63266
0.897,63226
0.9027,63225
0.9084,63237
0.9141,63226
0.9198,63295
0.9255,63251
0.9312,63310
0.9369,63293
0.9426,63246
0.9483,63264
0.9541,63281
0.9598,63280
0.9655,63269
0.9712,63280
0.9769,63323
0.9826,63319
0.9883,63279
0.994,63330
0.9997,63293
1.0055,63296
1.0112,63293
1.0169,63298
1.0226,63305
1.0283,63304
1.034,63342
1.0397,63312
1.0454,63327
1.0511,63329
1.0568,63338
1.0625,63344
1.0682,63355
1.074,63419
1.0797,63368
1.0854,63404
1.0911,63405
1.0968,63394
1.1025,63403
1.1082,63384
1.1139,63409
1.1196,63418
1.1254,63414
1.1311,63415
1.1368,63414
1.1425,63408
1.1482,63410
1.1539,63413
1.1596,63428
1.1653,63424
1.171,63421
1.1767,63415
1.1824,63419
1.1882,63408
1.1939,63415
1.1996,63424
1.2053,63440
1.211,63440
1.2167,63444
1.2224,63453
1.2281,63453
1.2338,63471
1.2395,63497
1.2452,63486
1.251,61528
1.2567,63496
1.2624,63495
1.2681,63505
1.2738,63516
1.2795,63515
1.2853,63528
1.291,63529
1.2967,63528
1.3024,63557
1.3081,63530
1.3138,63544
1.3195,63545
1.3252,63552
1.3309,63558
1.3366,63564
1.3423,63568
1.348,63565
1.3538,63564
1.3595,63578
1.3652,63587
1.3709,63590
1.3766,63600
1.3823,63605
1.388,63609
1.3937,63609
1.3994,63599
1.4051,63624
1.4108,61658
1.4166,63641
1.4223,63627
1.428,63627
1.4337,63631
1.4394,63651
1.4451,63654
1.4508,63662
1.4565,63671
1.4622,63679
1.468,63675
1.4737,63677
1.4794,63691
1.4851,62836
1.4908,62303
1.4965,63739
1.5022,63708
1.508,63715
1.5137,63782
1.5194,63735
1.5251,63745
1.5308,63752
1.5365,63769
1.5422,63773
1.5479,63788
1.5536,63775
1.5593,63789
1.565,63792
1.5708,63797
1.5765,63812
1.5822,63880
1.5879,63813
1.5936,63792
1.5993,63798
1.605,63814
1.6107,63809
1.6164,63823
1.6221,63823
1.6278,63829
1.6335,63837
1.6392,63858
1.6449,63858
1.6507,63866
1.6564,63866
1.6621,63872
1.6678,63881
1.6735,63887
1.6792,63897
1.6849,63908
1.6906,63911
1.6963,63918
1.702,63921
1.7077,63930
1.7135,63924
1.7192,63941
1.7249,63957
1.7306,63957
1.7363,63961
1.742,63961
1.7477,63970
1.7534,63980
1.7591,63987
1.7648,63994
1.7706,64001
1.7763,64008
1.782,64009
1.7877,64014
1.7934,64007
1.7991,65385
1.8049,65389
1.8106,65392
1.8163,65400
1.822,65403
1.8277,65408
1.8334,65413
1.8391,65415
1.8448,65420
1.8505,65424
1.8563,65428
1.862,65433
1.8677,65444
1.8734,65444
1.8791,65449
1.8848,65455
1.8905,65455
1.8962,65456
1.9019,65460
1.9076,65469
1.9133,65466
1.919,65469
1.9248,65473
1.9305,65477
1.9362,65476
1.9419,65469
1.9476,65483
1.9533,65490
1.959,65492
1.9647,65490
1.9704,65492
1.9761,65494
1.9818,65494
1.9875,65490
1.9933,65497
1.999,65505
2.0047,65501
2.0104,65495
2.0161,65507
2.0218,65505
2.0275,65509
2.0332,65499
2.0389,65508
2.0446,65508
2.0503,65509
2.0561,65509
2.0618,65510
2.0675,65511
2.0732,65508
2.0789,65504
2.0846,65511
2.0903,65510
2.096,65511
2.1017,65511
2.1074,64173
2.1131,64175
2.1188,64179
2.1245,64185
2.1303,64187
2.136,64185
2.1417,64195
2.1474,64187
2.1531,64190
2.1588,64194
2.1645,64194
2.1702,64194
2.1759,64204
2.1816,64193
2.1873,64201
2.193,64199
2.1987,64214
2.2045,65511
2.2102,65509
2.2159,65509
2.2216,65510
2.2273,65510
2.233,65509
2.2387,65509
2.2444,65508
2.2501,65509
2.2558,65508
2.2615,65506
2.2672,65509
2.273,65508
2.2787,65507
2.2844,65506
2.2901,65510
2.2958,65505
2.3015,65509
2.3072,65506
2.3129,65510
2.3186,65508
2.3243,65511
2.33,65509
2.3357,65510
2.3415,65509
2.3472,65509
2.3529,65507
2.3586,65510
2.3643,65506
2.37,65509
2.3757,65511
2.3814,65508
2.3871,65511
2.3928,65507
2.3985,65507
2.4042,65511
2.41,65512
2.4157,65509
2.4214,65510
2.4271,65512
2.4328,65509
2.4385,65508
2.4442,65505
2.4499,65512
2.4556,65510
2.4613,65511
2.4671,65507
2.4728,65511
2.4785,65512
2.4842,65509
2.4899,65505
2.4956,65509
2.5013,65509
2.507,65510
2.5128,65506
2.5185,65508
2.5242,65507
2.5299,65507
2.5356,65507
2.5413,65512
2.547,65509
2.5527,65512
2.5584,65511
2.5641,65511
2.5698,65513
2.5755,65512
2.5812,65510
2.587,65510
2.5927,65510
2.5984,65511
2.6041,65509
2.6098,65511
2.6155,65511
2.6212,65510
2.6269,65505
2.6326,65510
2.6383,65509
2.644,65509
2.6497,65508
2.6555,65510
2.6612,65510
2.6669,65509
2.6726,65510
2.6783,65513
2.684,65512
2.6897,65507
2.6954,65512
2.7011,65508
2.7068,65508
2.7125,65509
2.7182,65505
2.7239,65508
2.7296,65511
2.7354,65510
2.7411,65509
2.7468,65509
2.7525,65507
2.7582,65510
2.7639,65508
2.7696,65508
2.7753,65507
2.781,65512
2.7867,65509
2.7924,65508
2.7981,65511
2.8038,65509
2.8095,65507
2.8153,65509
2.821,65510
2.8267,65510
2.8324,65510
2.8381,65509
2.8438,65509
2.8495,65508
2.8552,65508
2.8609,65506
2.8667,65509
2.8724,65507
2.8781,65511
2.8838,65504
2.8895,65509
2.8952,65507
2.9009,65508
2.9066,65507
2.9123,65511
2.918,65509
2.9237,65509
2.9294,65510
2.9351,65512
2.9409,65509
2.9466,65509
2.9523,65508
2.958,65507
2.9637,65506
2.9694,65506
2.9751,65507
2.9808,65509
2.9865,65508
2.9922,65508
2.998,65509
3.0037,65504
3.0094,65505
3.0151,65508
3.0208,65506
3.0265,65507
3.0322,65508
3.0379,65505
3.0436,65505
3.0493,65509
3.0551,65511
3.0608,65508
3.0665,65506
3.0722,65506
3.0779,65511
3.0836,65506
3.0893,65511
3.095,65510
3.1007,65508
3.1064,65510
3.1121,65508
3.1178,65508
3.1235,65507
3.1292,65504
3.1349,65511
3.1406,65509
3.1464,65509
3.1521,65510
3.1578,65507
3.1635,65509
3.1692,65510
3.1749,65510
3.1806,65510
3.1863,65508
3.192,65511
3.1977,65510
3.2034,65511
3.2092,65508
3.2149,65511
3.2206,65505
3.2263,65509
3.232,65511
3.2377,65508
3.2434,65508
3.2491,65512
3.2548,65509
3.2605,65508
3.2662,65503
3.2719,65507
3.2776,65509
3.2834,65510
3.2891,65509
3.2948,65508
3.3005,65510
3.3062,65510
3.3119,65509
3.3176,65510
3.3233,65510
3.329,65512
3.3347,65508
3.3404,65509
3.3461,65510
3.3519,65510
3.3576,65509
3.3633,65510
3.369,65510
3.3747,65509
3.3804,65509
3.3861,65512
3.3918,65510
3.3975,65509
3.4032,65509
3.4089,65507
3.4146,65507
3.4203,65509
3.4261,65509
3.4318,65506
3.4375,65509
3.4432,65509
3.4489,65504
3.4546,65509
3.4603,65509
3.466,65509
3.4717,65507
3.4774,65507
3.4831,65507
3.4889,65509
3.4946,65511
3.5003,65510
3.506,65509
3.5117,65508
3.5174,65511
3.5231,65509
3.5288,65509
3.5345,65508
3.5402,65507
3.5459,65508
3.5516,65507
3.5573,65508
3.563,65509
3.5688,65508
3.5745,65508
3.5802,65505
3.5859,65508
3.5916,65511
3.5973,65512
3.603,65511
3.6087,65513
3.6144,65510
3.6201,65511
3.6258,65507
3.6315,65505
3.6372,65510
3.6429,65511
3.6487,65511
3.6544,65509
3.6601,65512
3.6658,65510
3.6715,65510
3.6772,65502
3.6829,65512
3.6886,65511
3.6943,65510
3.7,65514
3.7057,65511
3.7114,65509
3.7172,65512
3.7229,65509
3.7286,65508
3.7343,65509
3.74,65510
3.7457,65511
3.7514,65511
3.7571,65510
3.7628,65508
3.7685,65507
3.7743,65511
3.78,65508
3.7857,65507
3.7914,65509
3.7971,65510
3.8028,65510
3.8085,65510
3.8142,65507
3.8199,65512
3.8257,65512
3.8314,65508
3.8371,65508
3.8428,65508
3.8485,65509
3.8542,65509
3.8599,65507
3.8656,65509
3.8713,65512
3.877,65512
3.8827,65510
3.8884,65510
3.8942,65511
3.8999,65511
3.9056,65508
3.9113,65508
3.917,65509
3.9227,65510
3.9284,65510
3.9341,65509
3.9398,65511
3.9455,65510
3.9513,65511
3.957,65511
3.9627,65509
3.9684,65507
3.9741,65509
3.9798,65512
3.9855,65510
3.9912,65510
3.9969,65506
4.0026,65509
4.0084,65511
4.0141,65509
4.0198,65509
4.0255,65510
4.0312,65510
4.0369,65512
4.0426,65504
4.0483,65509
4.054,65510
4.0597,65509
4.0654,65508
4.0712,65509
4.0769,65508
4.0826,65509
4.0883,65508
4.094,65511
4.0997,65508
4.1054,65513
4.1111,65510
4.1168,65512
4.1225,65511
4.1282,65509
4.134,65509
4.1397,65511
4.1454,65512
4.1511,65507
4.1568,65509
4.1625,65509
4.1682,65512
4.1739,65510
4.1796,65507
4.1854,65508
4.1911,65511
4.1968,65512
4.2025,65507
4.2082,65508
4.2139,65511
4.2196,65510
4.2253,65509
4.231,65510
4.2367,65510
4.2424,65510
4.2481,65511
4.2539,65510
4.2596,65508
4.2653,65512
4.271,65506
4.2767,65510
4.2824,65511
4.2881,65511
4.2938,65511
4.2995,65510
4.3052,65511
4.3109,65509
4.3166,65507
4.3224,65510
4.3281,65509
4.3338,65507
4.3395,65508
4.3452,65510
4.3509,65511
4.3566,65511
4.3623,65508
4.368,65508
4.3737,65508
4.3794,65509
4.3851,65511
4.3909,65511
4.3966,65513
4.4023,65511
4.408,65511
4.4137,65509
4.4194,65511
4.4251,65511
4.4308,65508
4.4365,65510
4.4422,65511
4.4479,65510
4.4536,65509
4.4594,65512
4.4651,65509
4.4708,65512
4.4765,65513
4.4822,65510
4.4879,65511
4.4936,65511
4.4993,65509
4.505,65511
4.5107,65512
4.5164,65511
4.5221,65511
4.5279,65512
4.5336,65510
4.5393,65509
4.545,65510
4.5507,65511
4.5564,65510
4.5621,65508
4.5678,65506
4.5735,65512
4.5792,65512
4.5849,65510
4.5906,65509
4.5964,65510
4.6021,65509
4.6078,65509
4.6135,65508
4.6192,65510
4.6249,65508
4.6306,65507
4.6363,65505
4.642,65509
4.6477,65509
4.6534,65510
4.6591,65510
4.6648,65507
4.6705,65508
4.6763,65505
4.682,65505
4.6877,65511
4.6934,65506
4.6991,65508
4.7048,65508
4.7105,65508
4.7162,65506
4.7219,65502
4.7276,65506
4.7333,65505
4.739,65507
4.7447,65505
4.7505,65509
4.7562,65511
4.7619,65505
4.7676,65509
4.7733,65506
4.779,65509
4.7847,65508
4.7904,65506
4.7961,65507
4.8018,65503
4.8075,65507
4.8133,65505
4.819,65509
4.8247,65506
4.8304,65509
4.8361,65509
4.8418,65510
4.8475,65505
4.8532,65509
4.8589,65508
4.8646,65506
4.8703,65506
4.8761,65510
4.8818,65505
4.8875,65508
4.8932,65508
4.8989,65508
4.9046,65509
4.9103,65509
4.916,65507
4.9217,65507
4.9274,65508
4.9331,65507
4.9388,65510
4.9445,65509
4.9502,65508
4.956,65506
4.9617,65507
4.9674,65509
4.9731,65508
4.9788,65509
4.9845,65508
4.9902,65506
4.9959,65509
5.0016,65505
5.0073,65508
5.013,65507
5.0188,65511
5.0245,65508
5.0302,65507
5.0359,65507
5.0416,65507
5.0473,65505
5.053,65505
5.0587,65506
5.0644,65507
5.0701,65510
5.0758,65506
5.0815,65507
5.0873,65508
5.093,65507
5.0987,65509
5.1044,65507
5.1101,65505
5.1158,65509
5.1215,65506
5.1272,65508
5.1329,65510
5.1386,65505
5.1443,65508
5.15,65509
5.1557,65508
5.1614,65505
5.1671,65511
5.1729,65508
5.1786,65507
5.1843,65503
5.19,65509
5.1957,65509
5.2014,65508
5.2071,65507
5.2128,65508
5.2185,65506
5.2242,65506
5.2299,65504
5.2356,65504
5.2414,65504
5.2471,65506
5.2528,65506
5.2585,65508
5.2642,65508
5.2699,65506
5.2756,65507
5.2813,65507
5.287,65506
5.2927,65507
5.2984,65507
5.3042,65509
5.3099,65507
5.3156,65508
5.3213,65506
5.327,65506
5.3327,65506
5.3384,65505
5.3441,65507
5.3498,65508
5.3556,65506
5.3613,65506
5.367,65506
5.3727,65507
5.3784,65507
5.3841,65508
5.3898,65506
5.3955,65508
5.4012,65512
5.4069,65506
5.4126,65507
5.4183,65510
5.4241,65511
5.4298,65508
5.4355,65507
5.4412,65507
5.4469,65507
5.4526,65509
5.4583,65506
5.464,65510
5.4697,65513
5.4754,65509
5.4812,65508
5.4869,65509
5.4926,65511
5.4983,65510
5.504,65506
5.5097,65508
5.5154,65506
5.5211,65509
5.5268,65505
5.5325,65509
5.5382,65506
5.5439,65508
5.5497,65508
5.5554,65509
5.5611,65508
5.5668,65506
5.5725,65508
5.5782,65499
5.5839,65509
5.5896,65508
5.5953,65503
5.601,65506
5.6067,65504
5.6124,65506
5.6182,65506
5.6239,65505
5.6296,65506
5.6353,65502
5.641,65505
5.6467,65504
5.6524,65503
5.6581,65506
5.6638,65505
5.6695,65504
5.6752,65503
5.6809,65504
5.6866,65502
5.6924,65506
5.6981,65508
5.7038,65501
5.7095,65506
5.7152,65508
5.7209,65506
5.7266,65508
5.7323,65506
5.738,65504
5.7437,65507
5.7494,65508
5.7551,65508
5.7608,65508
5.7665,65507
5.7723,65511
5.778,65505
5.7837,65505
5.7894,65510
5.7951,65508
5.8008,65508
5.8065,65506
5.8122,65509
5.8179,65509
5.8236,65506
5.8293,65505
5.835,65505
5.8407,65505
5.8465,65505
5.8522,65508
5.8579,65506
5.8636,65506
5.8693,65501
5.875,65505
5.8807,65502
5.8864,65506
5.8921,65507
5.8978,65505
5.9036,65504
5.9093,65507
5.915,65505
5.9207,65503
5.9264,65507
5.9321,65507
5.9378,65507
5.9435,65501
5.9493,65506
5.955,65508
5.9607,65502
5.9664,65508
5.9721,65504
5.9778,65509
5.9835,65505
5.9892,65505
5.9949,65510
6.0006,65510
6.0063,65507
6.0121,65507
6.0178,65504
6.0235,65506
6.0292,65505
6.0349,65506
6.0406,65510
6.0463,65509
6.052,65504
6.0577,65509
6.0634,65507
6.0691,65507
6.0748,65506
6.0805,65508
6.0863,65508
6.092,65508
6.0977,65505
6.1034,65504
6.1091,65507
6.1148,65509
6.1205,65508
6.1262,65507
6.1319,65509
6.1376,65510
6.1433,65504
6.149,65508
6.1548,65507
6.1605,65505
6.1662,65511
6.1719,65507
6.1776,65511
6.1833,65508
6.189,65506
6.1947,65507
6.2004,65507
6.2061,65505
6.2118,65509
6.2176,65508
6.2233,65507
6.229,65503
6.2347,65504
6.2404,65509
6.2461,65507
6.2518,65505
6.2575,65507
6.2632,65507
6.2689,65500
6.2747,65510
6.2804,65507
6.2861,65507
6.2918,65505
6.2975,65509
6.3032,65510
6.3089,65506
6.3146,65504
6.3203,65504
6.326,65504
6.3317,65506
6.3374,65507
6.3431,65506
6.3489,65506
6.3546,65506
6.3603,65507
6.366,65503
6.3717,65504
6.3774,65507
6.3831,65507
6.3888,65508
6.3945,65506
6.4002,65506
6.4059,65508
6.4116,65506
6.4174,65504
6.4231,65509
6.4288,65507
6.4345,65507
6.4402,65506
6.4459,65510
6.4516,65508
6.4573,65509
6.463,65505
6.4687,65510
6.4744,65509
6.4802,65506
6.4859,65507
6.4916,65506
6.4973,65508
6.503,65507
6.5087,65504
6.5144,65510
6.5201,65507
6.5258,65510
6.5315,65508
6.5372,65506
6.5429,65505
6.5486,65507
6.5544,65501
6.5601,65506
6.5658,65509
6.5715,65508
6.5772,65505
6.5829,65509
6.5886,65510
6.5943,65508
6.6,65505
6.6057,65508
6.6114,65507
6.6171,65511
6.6229,65508
6.6286,65509
6.6343,65509
6.64,65507
6.6457,65507
6.6514,65505
6.6571,65509
6.6628,65510
6.6685,65507
6.6742,65506
6.6799,65510
6.6856,65507
6.6914,65502
6.6971,65509
6.7028,65507
6.7085,65504
6.7142,65509
6.7199,65510
6.7256,65507
6.7313,65507
6.737,65504
6.7428,65508
6.7485,65509
6.7542,65508
6.7599,65509
6.7656,65504
6.7713,65507
6.777,65504
6.7827,65502
6.7884,65507
6.7941,65507
6.7998,65509
6.8056,65507
6.8113,65509
6.817,65506
6.8227,65506
6.8284,65505
6.8341,65504
6.8398,65508
6.8455,65507
6.8512,65509
6.8569,65507
6.8627,65508
6.8684,65507
6.8741,65508
6.8798,65507
6.8855,65508
6.8912,65507
6.8969,65497
6.9026,65506
6.9083,65506
6.914,65502
6.9197,65504
6.9254,65506
6.9311,65508
6.9368,65505
6.9426,65503
6.9483,65506
6.954,65506
6.9597,65505
6.9654,65504
6.9711,65507
6.9768,65506
6.9825,65506
6.9882,65507
6.9939,65505
6.9996,65508
7.0053,65505
7.0111,65504
7.0168,65508
7.0225,65507
7.0282,65506
7.0339,65501
7.0396,65506
7.0453,65509
7.051,65499
7.0567,65504
7.0624,65506
7.0682,65505
7.0739,65504
7.0796,65504
7.0853,65506
7.091,65507
7.0967,65508
7.1024,65501
7.1082,65505
7.1139,65505
7.1196,65508
7.1253,65510
7.131,65505
7.1367,65506
7.1424,65508
7.1481,65501
7.1538,65506
7.1595,65505
7.1652,65503
7.1709,65505
7.1767,65505
7.1824,65504
7.1881,65507
7.1938,65505
7.1995,65504
7.2052,65506
7.2109,65507
7.2166,65506
7.2223,65504
7.228,65505
7.2337,65505
7.2394,65502
7.2452,65505
7.2509,65506
7.2566,65510
7.2623,65506
7.268,65505
7.2737,65504
7.2794,65497
7.2851,65503
7.2908,65506
7.2965,65508
7.3022,65508
7.3079,65505
7.3137,65506
7.3194,65506
7.3251,65503
7.3308,65504
7.3365,65507
7.3422,65504
7.3479,65500
7.3536,65499
7.3593,65507
7.365,65503
7.3707,65507
7.3765,65503
7.3822,65505
7.3879,65504
7.3936,65502
7.3993,65501
7.405,65506
7.4107,65506
7.4164,65504
7.4221,65505
7.4278,65504
7.4335,65508
7.4392,65505
7.445,65506
7.4507,65502
7.4564,65504
7.4621,65505
7.4678,65504
7.4735,65509
7.4792,65506
7.4849,65508
7.4906,65506
7.4963,65506
7.502,65509
7.5077,65503
7.5134,65507
7.5192,65508
7.5249,65505
7.5306,65507
7.5363,65511
7.542,65505
7.5477,65506
7.5534,65507
7.5591,65503
7.5648,65507
7.5705,65501
7.5762,65505
7.5819,65502
7.5876,65505
7.5933,65501
7.5991,65504
7.6048,65501
7.6105,65508
7.6162,65505
7.6219,65504
7.6276,65505
7.6333,65506
7.639,65507
7.6447,65502
7.6504,65500
7.6561,65504
7.6618,65503
7.6675,65502
7.6733,65502
7.679,65497
7.6847,65500
7.6904,65502
7.6961,65499
7.7018,65502
7.7075,65505
7.7132,65503
7.7189,65501
7.7246,65500
7.7304,65506
7.7361,65503
7.7418,65497
7.7475,65505
7.7532,65502
7.7589,65505
7.7646,65499
7.7703,65501
7.776,65499
7.7817,65504
7.7874,65500
7.7931,65500
7.7989,65504
7.8046,65503
7.8103,65503
7.816,65502
7.8217,65501
7.8274,65502
7.8331,65497
7.8388,65503
7.8445,65502
7.8503,65500
7.856,65506
7.8617,65505
7.8674,65506
7.8731,65502
7.8788,65498
7.8845,65501
7.8902,65501
7.8959,65505
7.9016,65502
7.9073,65506
7.913,65505
7.9187,65501
7.9245,65506
7.9302,65502
7.9359,65505
7.9416,65508
7.9473,65506
7.953,65506
7.9587,65504
7.9644,65504
7.9701,65499
7.9758,65505
7.9815,65502
7.9873,65502
7.993,65501
7.9987,65503
8.0044,65503
8.0101,65502
8.0158,65502
8.0215,65505
8.0272,65503
8.0329,65496
8.0386,65507
8.0444,65504
8.0501,65504
8.0558,65504
8.0615,65499
8.0672,65502
8.0729,65504
8.0786,65505
8.0843,65508
8.09,65502
8.0957,65502
8.1014,65501
8.1071,65506
8.1129,65500
8.1186,65503
8.1243,65501
8.13,65498
8.1357,65505
8.1414,65505
8.1471,65504
8.1528,65503
8.1585,65506
8.1642,65502
8.1699,65503
8.1757,65504
8.1814,65504
8.1871,65505
8.1928,65507
8.1985,65491
8.2042,65494
8.2099,65506
8.2156,65503
8.2213,65503
8.227,65506
8.2328,65502
8.2385,65509
8.2442,65500
8.2499,65505
8.2556,65507
8.2613,65506
8.267,65505
8.2727,65503
8.2784,65507
8.2841,65505
8.2898,65505
8.2955,65508
8.3012,65502
8.3069,65502
8.3127,65501
8.3184,65507
8.3241,65507
8.3298,65506
8.3355,65498
8.3412,65502
8.3469,65506
8.3526,65494
8.3583,65508
8.364,65505
8.3697,65503
8.3754,65507
8.3812,65503
8.3869,65505
8.3926,65501
8.3983,65503
8.404,65500
8.4097,65500
8.4154,65503
8.4211,65506
8.4268,65500
8.4325,65501
8.4382,65503
8.4439,65505
8.4496,65503
8.4554,65503
8.4611,65501
8.4668,65502
8.4725,65498
8.4782,65505
8.4839,65499
8.4896,65505
8.4953,65502
8.501,65496
8.5067,65505
8.5124,65505
8.5181,65501
8.5239,65504
8.5296,65501
8.5353,65491
8.541,65500
8.5467,65508
8.5524,65502
8.5581,65504
8.5638,65500
8.5695,65503
8.5752,65505
8.5809,65495
8.5866,65503
8.5924,65500
8.5981,65506
8.6038,65502
8.6095,65504
8.6152,65506
8.6209,65502
8.6266,65504
8.6323,65502
8.638,65505
8.6437,65506
8.6494,65500
8.6551,65501
8.6609,65506
8.6666,65506
8.6723,65503
8.678,65504
8.6837,65504
8.6894,65506
8.6951,65501
8.7008,65502
8.7065,65503
8.7122,65502
8.7179,65504
8.7236,65505
8.7293,65500
8.7351,65504
8.7408,65504
8.7465,65501
8.7522,65503
8.7579,65504
8.7636,65502
8.7693,65500
8.775,65497
8.7807,65505
8.7864,65506
8.7921,65500
8.7978,65502
8.8036,65503
8.8093,65502
8.815,65506
8.8207,65505
8.8264,65502
8.8321,65499
8.8378,65500
8.8435,65500
8.8492,65504
8.8549,65507
8.8606,65504
8.8663,65505
8.872,65499
8.8778,65505
8.8835,65501
8.8892,65506
8.8949,65505
8.9006,65504
8.9063,65507
8.912,65505
8.9177,65507
8.9234,65501
8.9291,65492
8.9348,65502
8.9405,65506
8.9463,65502
8.952,65506
8.9577,65502
8.9634,65499
8.9691,65503
8.9748,65502
8.9805,65505
8.9862,65504
8.9919,65503
8.9976,65500
9.0033,65501
9.009,65503
9.0147,65501
9.0205,65500
9.0262,65505
9.0319,65500
9.0376,65502
9.0433,65500
9.049,65505
9.0547,65502
9.0604,65503
9.0661,65502
9.0718,65506
9.0776,65505
9.0833,65503
9.089,65503
9.0947,65503
9.1004,65501
9.1061,65504
9.1118,65498
9.1175,65502
9.1232,65503
9.1289,65501
9.1346,65504
9.1403,65501
9.146,65501
9.1518,65503
9.1575,65487
9.1632,65503
9.1689,65499
9.1746,65502
9.1803,65500
9.186,65501
9.1917,65501
9.1974,65505
9.2031,65502
9.2088,65505
9.2145,65504
9.2203,65502
9.226,65501
9.2317,65504
9.2374,65501
9.2431,65499
9.2488,65503
9.2545,65504
9.2602,65497
9.2659,65501
9.2716,65505
9.2774,65505
9.2831,65502
9.2888,65502
9.2945,65500
9.3002,65504
9.3059,65499
9.3116,65500
9.3173,65502
9.323,65505
9.3287,65500
9.3344,65498
9.3401,65496
9.3459,65499
9.3516,65505
9.3573,65503
9.363,65504
9.3687,65504
9.3744,65502
9.3801,65502
9.3858,65502
9.3915,65504
9.3972,65501
9.4029,65506
9.4087,65503
9.4144,65505
9.4201,65498
9.4258,65503
9.4315,65497
9.4372,65503
9.4429,65503
9.4486,65506
9.4543,65504
9.4601,65505
9.4658,65502
9.4715,65503
9.4772,65505
9.4829,65504
9.4886,65507
9.4943,65501
9.5,65501
9.5057,65501
9.5114,65500
9.5171,65498
9.5229,65497
9.5286,65505
9.5343,65499
9.54,65492
9.5457,65503
9.5514,65498
9.5571,65506
9.5628,65501
9.5685,65498
9.5742,65493
9.5799,65503
9.5857,65503
9.5914,65501
9.5971,65502
9.6028,65500
9.6085,65503
9.6142,65500
9.6199,65503
9.6256,65498
9.6313,65505
9.6371,65497
9.6428,65500
9.6485,65501
9.6542,65502
9.6599,65495
9.6656,65504
9.6713,65497
9.677,65499
9.6827,65493
9.6884,65501
9.6941,65503
9.6998,65501
9.7055,65503
9.7112,65499
9.7169,65502
9.7227,65503
9.7284,65502
9.7341,65505
9.7398,65503
9.7455,65502
9.7512,65496
9.7569,65503
9.7626,65505
9.7683,65506
9.774,65506
9.7797,65500
9.7854,65504
9.7911,65504
9.7969,65504
9.8026,65503
9.8083,65504
9.814,65505
9.8197,65503
9.8254,65504
9.8311,65504
9.8368,65506
9.8426,65505
9.8483,65504
9.854,65502
9.8597,65498
9.8654,65505
9.8711,65498
9.8768,65498
9.8825,65504
9.8882,65499
9.8939,65504
9.8996,65500
9.9053,65502
9.9111,65505
9.9168,65503
9.9225,65503
9.9282,65501
9.9339,65499
9.9396,65505
9.9453,65498
9.951,65500
9.9567,65498
9.9624,65501
9.9681,65502
9.9738,65501
9.9796,65499
9.9853,65498
9.991,65503
9.9967,65501
10.0024,65505
10.0081,65503
10.0138,65503
10.0195,65497
10.0252,65500
10.0309,65501
10.0366,65498
10.0424,65494
10.0481,65498
10.0538,65503
10.0595,65500
10.0652,65500
10.0709,65498
10.0766,65502
10.0823,65499
10.088,65498
10.0937,65501
10.0994,65499
10.1051,65502
10.1108,65504
10.1166,65499
10.1223,65502
10.128,65505
10.1337,65501
10.1394,65501
10.1451,65505
10.1508,65507
10.1565,65501
10.1622,65496
10.1679,65502
10.1737,65503
10.1794,65503
10.1851,65502
10.1908,65504
10.1965,65504
10.2022,65504
10.2079,65496
10.2136,65496
10.2193,65497
10.2251,65500
10.2308,65500
10.2365,65503
10.2422,65504
10.2479,65501
10.2536,65500
10.2593,65500
10.265,65502
10.2707,65504
10.2764,65503
10.2821,65503
10.2878,65501
10.2936,65501
10.2993,65504
10.305,65504
10.3107,65501
10.3164,65501
10.3221,65499
10.3278,65501
10.3335,65499
10.3392,65504
10.3449,65496
10.3506,65504
10.3564,65502
10.3621,65498
10.3678,65500
10.3735,65499
10.3792,65501
10.3849,65501
10.3906,65503
10.3963,65503
10.402,65502
10.4077,65501
10.4134,65503
10.4192,65496
10.4249,65499
10.4306,65498
10.4363,65500
10.442,65499
10.4477,65498
10.4534,65495
10.4591,65499
10.4648,65495
10.4705,65492
10.4762,65502
10.482,65500
10.4877,65499
10.4934,65498
10.4991,65499
10.5048,65503
10.5105,65502
10.5162,65499
10.5219,65502
10.5276,65503
10.5333,65498
10.539,65500
10.5447,65502
10.5504,65492
10.5562,65505
10.5619,65496
10.5676,65497
10.5733,65499
10.579,65502
10.5847,65499
10.5904,65503
10.5961,65498
10.6018,65499
10.6075,65502
10.6132,65502
10.6189,65501
10.6246,65500
10.6304,65500
10.6361,65500
10.6418,65499
10.6475,65501
10.6532,65495
10.6589,65504
10.6646,65500
10.6703,65497
10.676,65501
10.6817,65505
10.6874,65501
10.6932,65498
10.6989,65502
10.7046,65503
10.7103,65497
10.716,65503
10.7217,65499
10.7274,65498
10.7331,65497
10.7388,65503
10.7445,65501
10.7503,65503
10.756,65484
10.7617,65503
10.7674,65500
10.7731,65502
10.7788,65501
10.7845,65499
10.7902,65499
10.7959,65504
10.8016,65504
10.8073,65504
10.813,65503
10.8188,65499
10.8245,65503
10.8302,65503
10.8359,65502
10.8416,65497
10.8473,65499
10.853,65505
10.8587,65501
10.8644,65505
10.8701,65502
10.8758,65499
10.8815,65501
10.8873,65505
10.893,65498
10.8987,65504
10.9044,65502
10.9101,65503
10.9158,65502
10.9215,65504
10.9272,65502
10.9329,65499
10.9386,65498
10.9443,65504
10.95,65503
10.9557,65500
10.9615,65493
10.9672,65503
10.9729,65505
10.9786,65504
10.9843,65498
10.99,65498
10.9957,65504
11.0014,65501
11.0071,65505
11.0128,65504
11.0185,65501
11.0242,65499
11.03,65494
11.0357,65503
11.0414,65508
11.0471,65499
11.0528,65502
11.0585,65506
11.0642,65505
11.0699,65501
11.0756,65501
11.0813,65498
11.087,65500
11.0928,65499
11.0985,65501
11.1042,65498
11.1099,65501
11.1156,65499
11.1213,65500
11.127,65502
11.1327,65502
11.1384,65502
11.1441,65499
11.1498,65504
11.1555,65506
11.1613,65502
11.167,65500
11.1727,65508
11.1784,65503
11.1841,65500
11.1898,65500
11.1955,65503
11.2012,65502
11.2069,65497
11.2126,65502
11.2183,65506
11.224,65502
11.2298,65506
11.2355,65505
11.2412,65504
11.2469,65503
11.2526,65503
11.2583,65496
11.264,65503
11.2697,65504
11.2754,65502
11.2811,65501
11.2868,65497
11.2925,65504
11.2982,65500
11.3039,65504
11.3097,65500
11.3154,65503
11.3211,65501
11.3268,65505
11.3325,65497
11.3382,65506
11.3439,65505
11.3496,65499
11.3553,65503
11.361,65497
11.3667,65504
11.3725,65504
11.3782,65505
11.3839,65503
11.3896,65503
11.3953,65499
11.401,65502
11.4067,65502
11.4124,65500
11.4181,65503
11.4238,65503
11.4295,65503
11.4352,65497
11.4409,65498
11.4467,65505
11.4524,65503
11.4581,65500
11.4638,65502
11.4695,65504
11.4752,65506
11.4809,65504
11.4866,65503
11.4923,65499
11.498,65502
11.5037,65504
11.5094,65499
11.5151,65501
11.5208,65503
11.5266,65504
11.5323,65499
11.538,65500
11.5437,65502
11.5494,65501
11.5551,65498
11.5608,65499
11.5665,65498
11.5722,65504
11.5779,65501
11.5837,65503
11.5894,65502
11.5951,65502
11.6008,65502
11.6065,65501
11.6122,65501
11.6179,65502
11.6236,65502
11.6293,65502
11.635,65504
11.6407,65495
11.6464,65506
11.6522,65501
11.6579,65488
11.6636,65502
11.6693,65500
11.675,65498
11.6807,65502
11.6864,65506
11.6921,65496
11.6978,65501
11.7035,65504
11.7092,65499
11.7149,65496
11.7207,65498
11.7264,65504
11.7321,65502
11.7378,65500
11.7435,65501
11.7492,65502
11.7549,65494
11.7606,65487
11.7663,65503
11.772,65503
11.7777,65502
11.7834,65502
11.7892,65501
11.7949,65500
11.8006,65501
11.8063,65498
11.812,65493
11.8177,65500
11.8234,65498
11.8291,65492
11.8348,65499
11.8405,65495
11.8462,65503
11.8519,65497
11.8577,65506
11.8634,65497
11.8691,65500
11.8748,65502
11.8805,65502
11.8862,65497
11.8919,65492
11.8976,65500
11.9033,65500
11.909,65497
11.9147,65502
11.9205,65498
11.9262,65494
11.9319,65497
11.9376,65497
11.9433,65497
11.949,65498
11.9547,65498
11.9604,65499
11.9661,65499
11.9718,65503
11.9775,65501
11.9833,65500
11.989,65501
11.9947,65502
12.0004,65496
12.0061,65499
12.0118,65494
12.0175,65499
12.0232,65503
12.0289,65502
12.0346,65499
12.0403,65493
12.046,65501
12.0517,65499
12.0575,65503
12.0632,65502
12.0689,65498
12.0746,65501
12.0803,65497
12.086,65496
12.0917,65499
12.0974,65504
12.1031,65504
12.1088,65504
12.1145,65500
12.1202,65496
12.1259,65497
12.1316,65501
12.1374,65503
12.1431,65501
12.1488,65500
12.1545,65501
12.1602,65501
12.1659,65496
12.1716,65490
12.1773,65504
12.183,65501
12.1887,65500
12.1944,65501
12.2001,65502
12.2058,65496
12.2116,65501
12.2173,65498
12.223,65498
12.2287,65502
12.2344,65501
12.2401,65501
12.2458,65503
12.2515,65495
12.2572,65493
12.2629,65496
12.2686,65499
12.2744,65500
12.2801,65497
12.2858,65499
12.2915,65501
12.2972,65504
12.3029,65506
12.3086,65502
12.3143,65502
12.32,65499
12.3257,65500
12.3314,65498
12.3371,65502
12.3428,65502
12.3486,65503
12.3543,65497
12.36,65500
12.3657,65505
12.3714,65503
12.3771,65503
12.3828,65499
12.3885,65504
12.3942,65499
12.3999,65492
12.4056,65502
12.4113,65500
12.4171,65505
12.4228,65498
12.4285,65496
12.4342,65500
12.4399,65498
12.4456,65500
12.4513,65502
12.457,65496
12.4627,65499
12.4684,65504
12.4741,65502
12.4798,65504
12.4856,65501
12.4913,65493
12.497,65499
12.5027,65502
12.5084,65494
12.5141,65502
12.5198,65492
12.5255,65499
12.5312,65504
12.5369,65495
12.5426,65502
12.5483,65500
12.5541,65498
12.5598,65497
12.5655,65503
12.5712,65494
12.5769,65500
12.5826,65496
12.5883,65499
12.594,65501
12.5997,65498
12.6054,65495
12.6112,65497
12.6169,65500
12.6226,65498
12.6283,65498
12.634,65499
12.6397,65497
12.6454,65497
12.6511,65499
12.6568,65500
12.6625,65499
12.6682,65501
12.674,65492
12.6797,65500
12.6854,65500
12.6911,65501
12.6968,65497
12.7025,65500
12.7082,65501
12.7139,65500
12.7196,65497
12.7253,65503
12.731,65499
12.7367,65497
12.7425,65504
12.7482,65497
12.7539,65492
12.7596,65501
12.7653,65493
12.771,65499
12.7767,65502
12.7824,65505
12.7881,65504
12.7938,65502
12.7996,65497
12.8053,65497
12.811,65499
12.8167,65502
12.8224,65496
12.8281,65500
12.8338,65501
12.8395,65503
12.8452,65500
12.8509,65498
12.8566,65494
12.8623,65500
12.8681,65498
12.8738,65493
12.8795,65493
12.8852,65498
12.8909,65498
12.8966,65501
12.9023,65495
12.908,65488
12.9137,65501
12.9194,65501
12.9252,65496
12.9309,65494
12.9366,65498
12.9423,65503
12.948,65497
12.9537,65499
12.9594,65495
12.9651,65502
12.9708,65501
12.9765,65507
12.9822,65500
12.9879,65502
12.9936,65498
12.9993,65496
13.0051,65498
13.0108,65493
13.0165,65492
13.0222,65503
13.0279,65505
13.0336,65502
13.0393,65502
13.045,65499
13.0507,65500
13.0565,65492
13.0622,65492
13.0679,65498
13.0736,65496
13.0793,65499
13.085,65497
13.0907,65501
13.0964,65502
13.1021,65501
13.1078,65500
13.1136,65496
13.1193,65500
13.125,65496
13.1307,65499
13.1364,65503
13.1421,65498
13.1478,65499
13.1535,65496
13.1592,65499
13.1649,65500
13.1706,65501
13.1763,65495
13.1821,65497
13.1878,65501
13.1935,65500
13.1992,65496
13.2049,65496
13.2106,65503
13.2163,65498
13.222,65491
13.2277,65500
13.2334,65498
13.2391,65498
13.2448,65495
13.2505,65496
13.2563,65499
13.262,65495
13.2677,65496
13.2734,65498
13.2791,65497
13.2848,65499
13.2905,65501
13.2962,65493
13.3019,65495
13.3076,65502
13.3133,65495
13.319,65499
13.3248,65500
13.3305,65498
13.3362,65501
13.3419,65500
13.3476,65499
13.3533,65498
13.359,65495
13.3647,65500
13.3704,65498
13.3761,65498
13.3818,65499
13.3875,65499
13.3932,65501
13.3989,65502
13.4047,65497
13.4104,65501
13.4161,65499
13.4218,65494
13.4275,65502
13.4332,65501
13.4389,65503
13.4446,65497
13.4503,65498
13.456,65499
13.4617,65498
13.4674,65499
13.4731,65501
13.4789,65502
13.4846,65500
13.4903,65501
13.496,65499
13.5017,65498
13.5074,65495
13.5131,65503
13.5188,65501
13.5245,65495
13.5302,65499
13.536,65497
13.5417,65491
13.5474,65494
13.5531,65501
13.5588,65497
13.5645,65494
13.5702,65499
13.5759,65497
13.5816,65500
13.5874,65496
13.5931,65500
13.5988,65496
13.6045,65504
13.6102,65496
13.6159,65503
13.6216,65496
13.6273,65500
13.633,65499
13.6387,65497
13.6444,65494
13.6501,65498
13.6558,65495
13.6615,65497
13.6673,65500
13.673,65499
13.6787,65497
13.6844,65501
13.6901,65494
13.6958,65501
13.7015,65500
13.7072,65497
13.7129,65500
13.7186,65500
13.7243,65496
13.7301,65500
13.7358,65500
13.7415,65502
13.7472,65501
13.7529,65497
13.7586,65499
13.7643,65502
13.77,65493
13.7757,65500
13.7814,65501
13.7871,65496
13.7929,65500
13.7986,65499
13.8043,65497
13.81,65498
13.8157,65497
13.8214,65501
13.8271,65501
13.8328,65498
13.8385,65502
13.8442,65499
13.8499,65497
13.8556,65493
13.8614,65498
13.8671,65501
13.8728,65500
13.8785,65501
13.8842,65497
13.8899,65497
13.8956,65501
13.9013,65505
13.907,65494
13.9127,65501
13.9184,65497
13.9242,65500
13.9299,65498
13.9356,65499
13.9413,65500
13.947,65500
13.9527,65499
13.9584,65498
13.9641,65500
13.9698,65499
13.9755,65497
13.9812,65501
13.9869,65501
13.9927,65502
13.9984,65497
14.0041,65500
14.0098,65501
14.0155,65497
14.0212,65497
14.0269,65496
14.0326,65504
14.0383,65500
14.044,65497
14.0497,65497
14.0554,65501
14.0612,65491
14.0669,65502
14.0726,65500
14.0783,65499
14.084,65500
14.0897,65492
14.0954,65485
14.1011,65498
14.1068,65502
14.1125,65496
14.1182,65502
14.1239,65499
14.1296,65498
14.1354,65493
14.1411,65504
14.1468,65499
14.1525,65505
14.1582,65498
14.1639,65500
14.1696,65500
14.1753,65502
14.181,65498
14.1867,65500
14.1924,65503
14.1981,65502
14.2038,65503
14.2096,65496
14.2153,65500
14.221,65497
14.2267,65494
14.2324,65498
14.2381,65505
14.2438,65498
14.2495,65499
14.2552,65499
14.2609,65500
14.2666,65495
14.2723,65494
14.278,65493
14.2838,65495
14.2895,65491
14.2952,65494
14.3009,65498
14.3066,65500
14.3123,65500
14.318,65496
14.3237,65503
14.3294,65497
14.3351,65498
14.3408,65495
14.3465,65498
14.3523,65504
14.358,65500
14.3637,65495
14.3694,65500
14.3751,65490
14.3808,65497
14.3865,65503
14.3922,65492
14.3979,65495
14.4036,65496
14.4093,65494
14.415,65490
14.4208,65500
14.4265,65497
14.4322,65496
14.4379,65502
14.4436,65498
14.4493,65499
14.455,65493
14.4607,65495
14.4664,65495
14.4721,65498
14.4778,65496
14.4835,65495
14.4893,65500
14.495,65503
14.5007,65493
14.5064,65499
14.5121,65498
14.5178,65494
14.5235,65494
14.5292,65493
14.5349,65494
14.5406,65500
14.5464,65491
14.5521,65494
14.5578,65501
14.5635,65500
14.5692,65484
14.5749,65497
14.5806,65497
14.5863,65502
14.592,65492
14.5977,65499
14.6034,65500
14.6092,65500
14.6149,65493
14.6206,65493
14.6263,65496
14.632,65498
14.6377,65493
14.6434,65501
14.6491,65493
14.6548,65498
14.6605,65499
14.6662,65494
14.6719,65489
14.6777,65496
14.6834,65487
14.6891,65503
14.6948,65490
14.7005,65496
14.7062,65493
14.7119,65489
14.7176,65492
14.7233,65486
14.729,65487
14.7347,65488
14.7404,65490
14.7461,65487
14.7519,65481
14.7576,65473
14.7633,65477
14.769,65480
14.7747,65467
14.7804,65469
14.7861,65470
14.7918,65468
14.7975,65458
14.8032,65454
14.8089,65460
14.8146,65458
14.8204,65444
14.8261,65445
14.8318,65443
14.8375,65443
14.8432,65440
14.8489,65438
14.8546,65436
14.8603,65431
14.866,65433
14.8717,65427
14.8774,65430
14.8831,65418
14.8888,65421
14.8945,65419
14.9002,65415
14.906,65409
14.9117,65412
14.9174,65410
14.9231,65403
14.9288,65403
14.9345,65403
14.9402,65402
14.9459,65397
14.9516,65395
14.9573,65395
14.963,65397
14.9688,65384
14.9745,65383
14.9802,65388
14.9859,65379
14.9916,65379
14.9973,65382
15.003,65369
15.0087,65376
15.0144,65364
15.0202,65368
15.0259,65370
15.0316,65363
15.0373,65368
15.043,65360
15.0487,65353
15.0544,65364
15.0601,65353
15.0658,65353
15.0715,65344
15.0773,65340
15.083,65347
15.0887,65338
15.0944,65332
15.1001,65331
15.1058,65331
15.1115,65326
15.1172,65319
15.1229,65317
15.1286,65309
15.1343,65308
15.14,65306
15.1458,65299
15.1515,65297
15.1572,65290
15.1629,65275
15.1686,65250
15.1743,65238
15.18,65197
15.1857,65150
15.1914,65123
15.1971,65077
15.2028,65042
15.2086,65014
15.2143,64985
15.22,64971
15.2257,64944
15.2314,64924
15.2371,64904
15.2428,64881
15.2485,64862
15.2542,64857
15.2599,64839
15.2656,64836
15.2714,64821
15.2771,64804
15.2828,64780
15.2885,64740
15.2942,64716
15.2999,64691
15.3056,64678
15.3113,64674
15.317,64672
15.3227,64682
15.3284,64685
15.3341,64709
15.3398,64736
15.3456,64767
15.3513,64820
15.357,64851
15.3627,64887
15.3684,64912
15.3741,64923
15.3798,64938
15.3855,64948
15.3912,64947
15.3969,64934
15.4026,64929
15.4083,64907
15.4141,64883
15.4198,64875
15.4255,64850
15.4312,64831
15.4369,64813
15.4426,64791
15.4483,64768
15.454,64724
15.4597,64684
15.4654,64638
15.4711,64541
15.4768,64467
15.4825,64396
15.4883,64259
15.494,64158
15.4997,64023
15.5054,63909
15.5111,63797
15.5168,63636
15.5225,63521
15.5282,63435
15.5339,63301
15.5396,63237
15.5453,63142
15.551,63101
15.5568,63072
15.5625,63023
15.5682,62990
15.5739,62955
15.5796,62909
15.5853,62892
15.591,62845
15.5967,62822
15.6024,62785
15.6081,62728
15.6138,62686
15.6196,62618
15.6253,62545
15.631,62496
15.6367,62420
15.6424,62375
15.6481,62321
15.6538,62251
15.6595,62218
15.6652,62183
15.6709,62125
15.6766,62109
15.6823,62078
15.688,62063
15.6937,62041
15.6994,62038
15.7052,62028
15.7109,62021
15.7166,62004
15.7223,61993
15.728,61977
15.7337,61945
15.7394,61922
15.7451,61889
15.7508,61873
15.7565,61863
15.7622,61837
15.7679,61829
15.7736,61796
15.7794,61782
15.7851,61766
15.7908,61740
15.7965,61735
15.8022,61724
15.8079,61708
15.8136,61689
15.8193,61677
15.825,61673
15.8307,61655
15.8364,61643
15.8422,61633
15.8479,61629
15.8536,61616
15.8593,61604
15.865,61598
15.8707,61589
15.8764,61571
15.8821,61551
15.8878,61535
15.8935,61544
15.8992,61547
15.9049,61518
15.9106,61492
15.9164,61472
15.9221,61456
15.9278,61443
15.9335,61441
15.9392,61439
15.9449,61425
15.9506,61410
15.9563,61378
15.962,61371
15.9677,61355
15.9734,61342
15.9792,61342
15.9849,61315
15.9906,61317
15.9963,61309
16.002,61291
16.0077,61277
16.0134,61276
16.0191,61250
16.0248,61234
16.0305,61228
16.0362,61213
16.0419,61210
16.0477,61223
16.0534,61216
16.0591,61211
16.0648,61177
16.0705,61174
16.0762,61158
16.0819,61163
16.0876,61152
16.0933,61145
16.099,61139
16.1047,61131
16.1104,61126
16.1161,61110
16.1219,61112
16.1276,61088
16.1333,61094
16.139,61086
16.1447,61089
16.1504,61085
16.1561,56317
16.1618,59625
16.1675,59624
16.1732,59585
16.1789,59614
16.1847,59595
16.1904,59603
16.1961,59625
16.2018,59601
16.2075,59638
16.2132,59599
16.2189,59619
16.2246,57378
16.2303,59544
16.2361,59570
16.2418,59560
16.2475,59565
16.2532,59574
16.2589,59580
16.2646,59628
16.2703,59641
16.276,59605
16.2817,59697
16.2874,59907
16.2932,61590
16.2989,60692
16.3046,55795
16.3103,59648
16.316,59630
16.3217,59613
16.3274,59621
16.3331,59629
16.3388,59596
16.3445,59555
16.3502,59561
16.356,59565
16.3617,59555
16.3674,59575
16.3731,59550
16.3788,57925
16.3845,59561
16.3902,59592
16.3959,59598
16.4016,59560
16.4073,59580
16.413,60107
16.4187,60090
16.4244,59765
16.4302,60166
16.4359,60104
16.4416,60125
16.4473,60045
16.453,59969
16.4587,59858
16.4644,59473
16.4701,60094
16.4758,56134
16.4816,59701
16.4873,60140
16.493,59984
16.4987,59562
16.5044,60136
16.5101,60152
16.5158,60065
16.5215,60122
16.5272,59545
16.5329,59537
16.5386,59510
16.5443,59495
16.5501,59496
16.5558,59482
16.5615,59477
16.5672,59552
16.5729,59536
16.5786,59521
16.5843,59496
16.59,59496
16.5957,59475
16.6014,59441
16.6072,59425
16.6129,59438
16.6186,59439
16.6243,59451
16.63,59483
16.6357,59475
16.6414,59488
16.6471,59483
16.6528,59486
16.6585,59538
16.6642,59565
16.6699,59535
16.6757,59551
16.6814,59517
16.6871,59475
16.6928,59500
16.6985,59516
16.7042,59483
16.7099,59490
16.7156,59517
16.7213,59560
16.727,59577
16.7328,59551
16.7385,59529
16.7442,59484
16.7499,59563
16.7556,59565
16.7613,57677
16.767,59460
16.7727,59421
16.7784,59434
16.7841,59440
16.7898,59410
16.7955,59416
16.8013,59602
16.807,59300
16.8127,59696
16.8184,59712
16.8241,59676
16.8298,59548
16.8355,59580
16.8412,59522
16.8469,59578
16.8526,59264
16.8583,59904
16.864,59872
16.8698,59641
16.8755,59614
16.8812,59582
16.8869,58704
16.8926,59881
16.8983,59928
16.904,59986
16.9097,59787
16.9154,59868
16.9211,55613
16.9268,59469
16.9325,60200
16.9383,55803
16.944,60132
16.9497,60130
16.9554,60125
16.9611,60055
16.9668,60095
