0.0004,65509
0.003,65509
0.0061,65504
0.0119,65503
0.0177,65510
0.0235,65507
0.0292,65492
0.035,65506
0.0407,65504
0.0464,65509
0.0521,65508
0.0578,65510
0.0635,65499
0.0692,65510
0.0749,65509
0.0806,65510
0.0864,65508
0.0921,65510
0.0978,65509
0.1035,65508
0.1092,65498
0.1149,65510
0.1206,65511
0.1263,65508
0.132,65509
0.1377,65508
0.1434,65509
0.1491,65511
0.1549,65498
0.1606,65511
0.1663,65511
0.172,65510
0.1777,65512
0.1834,65509
0.1891,65511
0.1948,65513
0.2005,65504
0.2062,65508
0.2119,65512
0.2176,65513
0.2233,65513
0.2291,65511
0.2348,65510
0.2405,65512
0.2462,65504
0.2519,65513
0.2576,65513
0.2633,65512
0.269,65515
0.2747,65510
0.2804,65513
0.2861,65513
0.2918,65502
0.2976,65513
0.3033,65513
0.309,65513
0.3147,65514
0.3204,65512
0.3261,65515
0.3318,65513
0.3375,65502
0.3432,65515
0.3489,65512
0.3546,65513
0.3604,65513
0.3661,65512
0.3718,65513
0.3775,65513
0.3832,65503
0.3889,65514
0.3946,65514
0.4003,65514
0.406,65513
0.4117,65513
0.4174,65511
0.4232,65513
0.4289,65502
0.4346,65512
0.4403,65512
0.446,65511
0.4517,65512
0.4574,65513
0.4631,65514
0.4688,65512
0.4745,65503
0.4802,65512
0.4859,65513
0.4917,65513
0.4974,65514
0.5031,65513
0.5088,65513
0.5145,65514
0.5202,65503
0.5259,65515
0.5316,65512
0.5373,65513
0.543,65513
0.5487,65511
0.5544,65513
0.5602,65512
0.5659,65504
0.5716,65511
0.5773,65513
0.583,65510
0.5887,65514
0.5944,65513
0.6001,65512
0.6058,65512
0.6115,65502
0.6172,65510
0.6229,65511
0.6287,65511
0.6344,65511
0.6401,65516
0.6458,65512
0.6515,65512
0.6572,65499
0.6629,65511
0.6686,65513
0.6743,65511
0.6801,65510
0.6858,65513
0.6915,65512
0.6972,65513
0.7029,65504
0.7086,65512
0.7143,65512
0.72,65511
0.7257,65512
0.7314,65513
0.7371,65513
0.7429,65512
0.7486,65503
0.7543,65511
0.76,65513
0.7657,65512
0.7714,65514
0.7771,65513
0.7828,65512
0.7885,65513
0.7942,65503
0.7999,65511
0.8057,65512
0.8114,65513
0.8171,65511
0.8228,65512
0.8285,65512
0.8342,65513
0.8399,65505
0.8456,65513
0.8513,65512
0.857,65511
0.8627,65512
0.8684,65512
0.8741,65512
0.8799,65514
0.8856,65503
0.8913,65513
0.897,65514
0.9027,65511
0.9084,65513
0.9141,65512
0.9198,65512
0.9255,65514
0.9312,65506
0.9369,65514
0.9426,65513
0.9483,65514
0.9541,65513
0.9598,65514
0.9655,65513
0.9712,65513
0.9769,65504
0.9826,65511
0.9883,65512
0.994,65512
0.9997,65513
1.0055,65510
1.0112,65514
1.0169,65513
1.0226,65501
1.0283,65511
1.034,65511
1.0397,65512
1.0454,65513
1.0511,65511
1.0568,65512
1.0625,65513
1.0682,65503
1.074,65512
1.0797,65512
1.0854,65510
1.0911,65511
1.0968,65512
1.1025,65509
1.1082,65512
1.1139,65504
1.1196,65513
1.1254,65510
1.1311,65513
1.1368,65513
1.1425,65512
1.1482,65511
1.1539,65511
1.1596,65504
1.1653,65513
1.171,65511
1.1767,65509
1.1824,65512
1.1882,65512
1.1939,65513
1.1996,65512
1.2053,65504
1.211,65512
1.2167,65511
1.2224,65511
1.2281,65513
1.2338,65513
1.2395,65513
1.2452,65511
1.251,65501
1.2567,65513
1.2624,65513
1.2681,65510
1.2738,65510
1.2795,65513
1.2853,65514
1.291,65512
1.2967,65511
1.3024,65514
1.3081,65512
1.3138,65512
1.3195,65511
1.3252,65512
1.3309,65512
1.3366,65512
1.3423,65510
1.348,65511
1.3538,65513
1.3595,65512
1.3652,65513
1.3709,65508
1.3766,65513
1.3823,65510
1.388,65501
1.3937,65512
1.3994,65510
1.4051,65511
1.4108,65511
1.4166,65512
1.4223,65511
1.428,65510
1.4337,65503
1.4394,65511
1.4451,65512
1.4508,65512
1.4565,65511
1.4622,65512
1.468,65511
1.4737,65512
1.4794,65504
1.4851,65511
1.4908,65510
1.4965,65511
1.5022,65508
1.508,65511
1.5137,65510
1.5194,65512
1.5251,65499
1.5308,65508
1.5365,65511
1.5422,65512
1.5479,65511
1.5536,65510
1.5593,65510
1.565,65510
1.5708,65503
1.5765,65511
1.5822,65511
1.5879,65512
1.5936,65511
1.5993,65511
1.605,65512
1.6107,65510
1.6164,65499
1.6221,65509
1.6278,65511
1.6335,65511
1.6392,65510
1.6449,65512
1.6507,65509
1.6564,65512
1.6621,65501
1.6678,65510
1.6735,65511
1.6792,65512
1.6849,65509
1.6906,65511
1.6963,65510
1.702,65506
1.7077,65498
1.7135,65507
1.7192,65510
1.7249,65511
1.7306,65509
1.7363,65511
1.742,65506
1.7477,65509
1.7534,65500
1.7591,65511
1.7648,65510
1.7706,65513
1.7763,65511
1.782,65510
1.7877,65510
1.7934,65508
1.7991,65504
1.8049,65508
1.8106,65506
1.8163,65507
1.822,65508
1.8277,65508
1.8334,65511
1.8391,65506
1.8448,65496
1.8505,65510
1.8563,65507
1.862,65510
1.8677,65511
1.8734,65508
1.8791,65511
1.8848,65509
1.8905,65500
1.8962,65509
1.9019,65512
1.9076,65508
1.9133,65509
1.919,65509
1.9248,65510
1.9305,65510
1.9362,65501
1.9419,65507
1.9476,65510
1.9533,65509
1.959,65510
1.9647,65509
1.9704,65512
1.9761,65508
1.9818,65500
1.9875,65512
1.9933,65513
1.999,65508
2.0047,65511
2.0104,65512
2.0161,65512
2.0218,65511
2.0275,65503
2.0332,65511
2.0389,65513
2.0446,65508
2.0503,65510
2.0561,65509
2.0618,65510
2.0675,65510
2.0732,65501
2.0789,65510
2.0846,65506
2.0903,65511
2.096,65511
2.1017,65508
2.1074,65509
2.1131,65510
2.1188,65501
2.1245,65510
2.1303,65506
2.136,65512
2.1417,65509
2.1474,65511
2.1531,65510
2.1588,65508
2.1645,65500
2.1702,65509
2.1759,65509
2.1816,65509
2.1873,65510
2.193,65508
2.1987,65512
2.2045,65511
2.2102,65502
2.2159,65510
2.2216,65510
2.2273,65509
2.233,65509
2.2387,65511
2.2444,65511
2.2501,65512
2.2558,65501
2.2615,65509
2.2672,65510
2.273,65512
2.2787,65509
2.2844,65510
2.2901,65509
2.2958,65509
2.3015,65500
2.3072,65510
2.3129,65509
2.3186,65508
2.3243,65512
2.33,65508
2.3357,65509
2.3415,65507
2.3472,65499
2.3529,65511
2.3586,65511
2.3643,65508
2.37,65509
2.3757,65510
2.3814,65512
2.3871,65509
2.3928,65503
2.3985,65508
2.4042,65509
2.41,65509
2.4157,65510
2.4214,65510
2.4271,65508
2.4328,65510
2.4385,65498
2.4442,65510
2.4499,65511
2.4556,65510
2.4613,65510
2.4671,65509
2.4728,65510
2.4785,65510
2.4842,65503
2.4899,65510
2.4956,65510
2.5013,65511
2.507,65510
2.5128,65507
2.5185,65507
2.5242,65506
2.5299,65498
2.5356,65510
2.5413,65512
2.547,65510
2.5527,65509
2.5584,65511
2.5641,65514
2.5698,65513
2.5755,65507
2.5812,65512
2.587,65512
2.5927,65511
2.5984,65510
2.6041,65510
2.6098,65511
2.6155,65511
2.6212,65501
2.6269,65507
2.6326,65510
2.6383,65506
2.644,65506
2.6497,65510
2.6555,65511
2.6612,65512
2.6669,65503
2.6726,65512
2.6783,65512
2.684,65512
2.6897,65510
2.6954,65509
2.7011,65509
2.7068,65507
2.7125,65500
2.7182,65510
2.7239,65508
2.7296,65512
2.7354,65513
2.7411,65508
2.7468,65511
2.7525,65511
2.7582,65503
2.7639,65508
2.7696,65509
2.7753,65509
2.781,65513
2.7867,65510
2.7924,65509
2.7981,65511
2.8038,65501
2.8095,65508
2.8153,65509
2.821,65511
2.8267,65509
2.8324,65509
2.8381,65509
2.8438,65513
2.8495,65500
2.8552,65509
2.8609,65512
2.8667,65511
2.8724,65508
2.8781,65511
2.8838,65512
2.8895,65510
2.8952,65499
2.9009,65508
2.9066,65507
2.9123,65507
2.918,65507
2.9237,65512
2.9294,65508
2.9351,65508
2.9409,65500
2.9466,65510
2.9523,65506
2.958,65511
2.9637,65506
2.9694,65506
2.9751,65507
2.9808,65507
2.9865,65504
2.9922,65505
2.998,65509
3.0037,65509
3.0094,65511
3.0151,65508
3.0208,65506
3.0265,65507
3.0322,65500
3.0379,65508
3.0436,65509
3.0493,65508
3.0551,65510
3.0608,65510
3.0665,65509
3.0722,65510
3.0779,65500
3.0836,65508
3.0893,65509
3.095,65509
3.1007,65511
3.1064,65510
3.1121,65511
3.1178,65511
3.1235,65500
3.1292,65510
3.1349,65510
3.1406,65510
3.1464,65510
3.1521,65509
3.1578,65508
3.1635,65510
3.1692,65501
3.1749,65510
3.1806,65510
3.1863,65509
3.192,65506
3.1977,65512
3.2034,65509
3.2092,65511
3.2149,65498
3.2206,65511
3.2263,65510
3.232,65510
3.2377,65509
3.2434,65510
3.2491,65508
3.2548,65512
3.2605,65498
3.2662,65510
3.2719,65507
3.2776,65507
3.2834,65509
3.2891,65509
3.2948,65507
3.3005,65508
3.3062,65497
3.3119,65510
3.3176,65507
3.3233,65513
3.329,65509
3.3347,65506
3.3404,65510
3.3461,65511
3.3519,65501
3.3576,65511
3.3633,65511
3.369,65508
3.3747,65510
3.3804,65510
3.3861,65510
3.3918,65511
3.3975,65501
3.4032,65510
3.4089,65511
3.4146,65506
3.4203,65510
3.4261,65510
3.4318,65510
3.4375,65510
3.4432,65498
3.4489,65508
3.4546,65508
3.4603,65511
3.466,65511
3.4717,65509
3.4774,65510
3.4831,65510
3.4889,65503
3.4946,65509
3.5003,65509
3.506,65509
3.5117,65511
3.5174,65509
3.5231,65508
3.5288,65506
3.5345,65500
3.5402,65510
3.5459,65509
3.5516,65509
3.5573,65506
3.563,65509
3.5688,65512
3.5745,65508
3.5802,65502
3.5859,65512
3.5916,65513
3.5973,65511
3.603,65510
3.6087,65512
3.6144,65512
3.6201,65510
3.6258,65500
3.6315,65509
3.6372,65511
3.6429,65511
3.6487,65511
3.6544,65514
3.6601,65513
3.6658,65510
3.6715,65501
3.6772,65511
3.6829,65508
3.6886,65510
3.6943,65509
3.7,65509
3.7057,65512
3.7114,65512
3.7172,65500
3.7229,65509
3.7286,65510
3.7343,65510
3.74,65508
3.7457,65510
3.7514,65512
3.7571,65512
3.7628,65500
3.7685,65509
3.7743,65511
3.78,65508
3.7857,65510
3.7914,65508
3.7971,65511
3.8028,65510
3.8085,65504
3.8142,65509
3.8199,65511
3.8257,65511
3.8314,65512
3.8371,65511
3.8428,65510
3.8485,65510
3.8542,65500
3.8599,65511
3.8656,65510
3.8713,65508
3.877,65510
3.8827,65511
3.8884,65511
3.8942,65508
3.8999,65502
3.9056,65511
3.9113,65512
3.917,65509
3.9227,65512
3.9284,65511
3.9341,65510
3.9398,65513
3.9455,65503
3.9513,65511
3.957,65507
3.9627,65512
3.9684,65510
3.9741,65510
3.9798,65511
3.9855,65511
3.9912,65499
3.9969,65509
4.0026,65512
4.0084,65510
4.0141,65511
4.0198,65508
4.0255,65510
4.0312,65510
4.0369,65500
4.0426,65510
4.0483,65509
4.054,65511
4.0597,65508
4.0654,65508
4.0712,65510
4.0769,65510
4.0826,65499
4.0883,65510
4.094,65507
4.0997,65513
4.1054,65511
4.1111,65511
4.1168,65511
4.1225,65510
4.1282,65501
4.134,65509
4.1397,65511
4.1454,65512
4.1511,65512
4.1568,65511
4.1625,65512
4.1682,65510
4.1739,65500
4.1796,65511
4.1854,65510
4.1911,65512
4.1968,65511
4.2025,65511
4.2082,65510
4.2139,65512
4.2196,65502
4.2253,65511
4.231,65512
4.2367,65512
4.2424,65511
4.2481,65510
4.2539,65511
4.2596,65513
4.2653,65503
4.271,65511
4.2767,65513
4.2824,65511
4.2881,65511
4.2938,65511
4.2995,65509
4.3052,65509
4.3109,65504
4.3166,65512
4.3224,65511
4.3281,65511
4.3338,65509
4.3395,65511
4.3452,65512
4.3509,65511
4.3566,65503
4.3623,65511
4.368,65510
4.3737,65509
4.3794,65511
4.3851,65512
4.3909,65508
4.3966,65511
4.4023,65502
4.408,65509
4.4137,65509
4.4194,65512
4.4251,65511
4.4308,65511
4.4365,65513
4.4422,65511
4.4479,65500
4.4536,65509
4.4594,65510
4.4651,65511
4.4708,65510
4.4765,65511
4.4822,65510
4.4879,65512
4.4936,65502
4.4993,65510
4.505,65513
4.5107,65513
4.5164,65512
4.5221,65511
4.5279,65509
4.5336,65511
4.5393,65501
4.545,65510
4.5507,65511
4.5564,65512
4.5621,65512
4.5678,65511
4.5735,65510
4.5792,65511
4.5849,65503
4.5906,65509
4.5964,65509
4.6021,65511
4.6078,65512
4.6135,65511
4.6192,65508
4.6249,65510
4.6306,65497
4.6363,65507
4.642,65509
4.6477,65509
4.6534,65510
4.6591,65511
4.6648,65509
4.6705,65509
4.6763,65501
4.682,65507
4.6877,65511
4.6934,65507
4.6991,65508
4.7048,65509
4.7105,65510
4.7162,65510
4.7219,65501
4.7276,65508
4.7333,65510
4.739,65507
4.7447,65506
4.7505,65507
4.7562,65504
4.7619,65507
4.7676,65501
4.7733,65510
4.779,65509
4.7847,65508
4.7904,65507
4.7961,65509
4.8018,65506
4.8075,65507
4.8133,65497
4.819,65507
4.8247,65505
4.8304,65508
4.8361,65510
4.8418,65511
4.8475,65506
4.8532,65511
4.8589,65500
4.8646,65508
4.8703,65511
4.8761,65510
4.8818,65507
4.8875,65510
4.8932,65508
4.8989,65508
4.9046,65499
4.9103,65510
4.916,65509
4.9217,65507
4.9274,65507
4.9331,65508
4.9388,65510
4.9445,65508
4.9502,65499
4.956,65509
4.9617,65509
4.9674,65508
4.9731,65508
4.9788,65507
4.9845,65508
4.9902,65510
4.9959,65499
5.0016,65506
5.0073,65507
5.013,65506
5.0188,65509
5.0245,65506
5.0302,65505
5.0359,65509
5.0416,65500
5.0473,65501
5.053,65506
5.0587,65505
5.0644,65506
5.0701,65507
5.0758,65508
5.0815,65506
5.0873,65499
5.093,65508
5.0987,65508
5.1044,65509
5.1101,65509
5.1158,65508
5.1215,65506
5.1272,65509
5.1329,65500
5.1386,65509
5.1443,65508
5.15,65509
5.1557,65508
5.1614,65507
5.1671,65509
5.1729,65508
5.1786,65497
5.1843,65506
5.19,65509
5.1957,65510
5.2014,65506
5.2071,65508
5.2128,65509
5.2185,65506
5.2242,65497
5.2299,65507
5.2356,65506
5.2414,65507
5.2471,65509
5.2528,65509
5.2585,65506
5.2642,65509
5.2699,65498
5.2756,65508
5.2813,65510
5.287,65507
5.2927,65506
5.2984,65508
5.3042,65508
5.3099,65511
5.3156,65499
5.3213,65510
5.327,65505
5.3327,65507
5.3384,65510
5.3441,65508
5.3498,65505
5.3556,65507
5.3613,65498
5.367,65508
5.3727,65505
5.3784,65505
5.3841,65508
5.3898,65505
5.3955,65506
5.4012,65509
5.4069,65499
5.4126,65506
5.4183,65508
5.4241,65509
5.4298,65507
5.4355,65509
5.4412,65507
5.4469,65506
5.4526,65498
5.4583,65508
5.464,65506
5.4697,65509
5.4754,65510
5.4812,65510
5.4869,65508
5.4926,65509
5.4983,65502
5.504,65508
5.5097,65505
5.5154,65508
5.5211,65510
5.5268,65508
5.5325,65508
5.5382,65508
5.5439,65498
5.5497,65509
5.5554,65508
5.5611,65510
5.5668,65509
5.5725,65504
5.5782,65507
5.5839,65511
5.5896,65499
5.5953,65506
5.601,65507
5.6067,65508
5.6124,65508
5.6182,65505
5.6239,65506
5.6296,65504
5.6353,65497
5.641,65508
5.6467,65508
5.6524,65505
5.6581,65504
5.6638,65507
5.6695,65501
5.6752,65504
5.6809,65498
5.6866,65505
5.6924,65505
5.6981,65507
5.7038,65506
5.7095,65506
5.7152,65507
5.7209,65504
5.7266,65498
5.7323,65507
5.738,65507
5.7437,65507
5.7494,65507
5.7551,65508
5.7608,65505
5.7665,65506
5.7723,65500
5.778,65509
5.7837,65507
5.7894,65506
5.7951,65510
5.8008,65507
5.8065,65509
5.8122,65508
5.8179,65497
5.8236,65509
5.8293,65504
5.835,65509
5.8407,65505
5.8465,65510
5.8522,65507
5.8579,65506
5.8636,65495
5.8693,65507
5.875,65504
5.8807,65507
5.8864,65506
5.8921,65505
5.8978,65507
5.9036,65504
5.9093,65498
5.915,65507
5.9207,65509
5.9264,65508
5.9321,65508
5.9378,65509
5.9435,65505
5.9493,65507
5.955,65499
5.9607,65504
5.9664,65506
5.9721,65508
5.9778,65506
5.9835,65509
5.9892,65507
5.9949,65506
6.0006,65495
6.0063,65509
6.0121,65508
6.0178,65509
6.0235,65509
6.0292,65505
6.0349,65508
6.0406,65506
6.0463,65497
6.052,65508
6.0577,65510
6.0634,65509
6.0691,65506
6.0748,65508
6.0805,65510
6.0863,65508
6.092,65498
6.0977,65509
6.1034,65508
6.1091,65508
6.1148,65508
6.1205,65510
6.1262,65508
6.1319,65508
6.1376,65501
6.1433,65507
6.149,65506
6.1548,65509
6.1605,65509
6.1662,65509
6.1719,65507
6.1776,65506
6.1833,65499
6.189,65506
6.1947,65510
6.2004,65510
6.2061,65504
6.2118,65508
6.2176,65510
6.2233,65507
6.229,65496
6.2347,65504
6.2404,65507
6.2461,65506
6.2518,65508
6.2575,65507
6.2632,65506
6.2689,65508
6.2747,65500
6.2804,65511
6.2861,65506
6.2918,65501
6.2975,65506
6.3032,65509
6.3089,65508
6.3146,65504
6.3203,65496
6.326,65508
6.3317,65506
6.3374,65509
6.3431,65506
6.3489,65506
6.3546,65510
6.3603,65507
6.366,65496
6.3717,65509
6.3774,65507
6.3831,65509
6.3888,65507
6.3945,65505
6.4002,65507
6.4059,65505
6.4116,65500
6.4174,65507
6.4231,65510
6.4288,65506
6.4345,65509
6.4402,65507
6.4459,65508
6.4516,65505
6.4573,65497
6.463,65506
6.4687,65508
6.4744,65510
6.4802,65506
6.4859,65508
6.4916,65508
6.4973,65507
6.503,65497
6.5087,65507
6.5144,65509
6.5201,65508
6.5258,65510
6.5315,65510
6.5372,65508
6.5429,65508
6.5486,65499
6.5544,65507
6.5601,65509
6.5658,65509
6.5715,65507
6.5772,65508
6.5829,65506
6.5886,65508
6.5943,65497
6.6,65509
6.6057,65506
6.6114,65509
6.6171,65508
6.6229,65506
6.6286,65509
6.6343,65506
6.64,65501
6.6457,65508
6.6514,65507
6.6571,65509
6.6628,65505
6.6685,65506
6.6742,65510
6.6799,65508
6.6856,65498
6.6914,65507
6.6971,65504
6.7028,65508
6.7085,65507
6.7142,65507
6.7199,65508
6.7256,65506
6.7313,65495
6.737,65510
6.7428,65506
6.7485,65509
6.7542,65506
6.7599,65509
6.7656,65505
6.7713,65507
6.777,65496
6.7827,65506
6.7884,65508
6.7941,65509
6.7998,65508
6.8056,65508
6.8113,65508
6.817,65507
6.8227,65496
6.8284,65505
6.8341,65508
6.8398,65510
6.8455,65506
6.8512,65507
6.8569,65508
6.8627,65507
6.8684,65499
6.8741,65508
6.8798,65508
6.8855,65509
6.8912,65506
6.8969,65506
6.9026,65505
6.9083,65508
6.914,65492
6.9197,65505
6.9254,65508
6.9311,65505
6.9368,65503
6.9426,65506
6.9483,65507
6.954,65508
6.9597,65499
6.9654,65506
6.9711,65506
6.9768,65508
6.9825,65505
6.9882,65508
6.9939,65507
6.9996,65506
7.0053,65497
7.0111,65506
7.0168,65506
7.0225,65509
7.0282,65505
7.0339,65508
7.0396,65507
7.0453,65506
7.051,65495
7.0567,65507
7.0624,65505
7.0682,65505
7.0739,65504
7.0796,65506
7.0853,65508
7.091,65507
7.0967,65494
7.1024,65506
7.1082,65503
7.1139,65509
7.1196,65507
7.1253,65510
7.131,65507
7.1367,65505
7.1424,65498
7.1481,65505
7.1538,65507
7.1595,65506
7.1652,65505
7.1709,65509
7.1767,65508
7.1824,65506
7.1881,65494
7.1938,65506
7.1995,65506
7.2052,65506
7.2109,65505
7.2166,65508
7.2223,65507
7.228,65504
7.2337,65496
7.2394,65506
7.2452,65507
7.2509,65503
7.2566,65505
7.2623,65504
7.268,65507
7.2737,65505
7.2794,65495
7.2851,65504
7.2908,65506
7.2965,65506
7.3022,65503
7.3079,65503
7.3137,65506
7.3194,65506
7.3251,65495
7.3308,65502
7.3365,65507
7.3422,65510
7.3479,65503
7.3536,65503
7.3593,65503
7.365,65504
7.3707,65494
7.3765,65506
7.3822,65503
7.3879,65504
7.3936,65504
7.3993,65507
7.405,65503
7.4107,65510
7.4164,65492
7.4221,65508
7.4278,65509
7.4335,65508
7.4392,65507
7.445,65507
7.4507,65505
7.4564,65507
7.4621,65496
7.4678,65506
7.4735,65508
7.4792,65507
7.4849,65507
7.4906,65507
7.4963,65509
7.502,65512
7.5077,65495
7.5134,65509
7.5192,65506
7.5249,65507
7.5306,65508
7.5363,65506
7.542,65508
7.5477,65506
7.5534,65499
7.5591,65506
7.5648,65502
7.5705,65504
7.5762,65502
7.5819,65505
7.5876,65506
7.5933,65505
7.5991,65491
7.6048,65504
7.6105,65506
7.6162,65505
7.6219,65508
7.6276,65506
7.6333,65504
7.639,65507
7.6447,65494
7.6504,65502
7.6561,65504
7.6618,65503
7.6675,65499
7.6733,65505
7.679,65501
7.6847,65503
7.6904,65490
7.6961,65504
7.7018,65505
7.7075,65506
7.7132,65501
7.7189,65501
7.7246,65501
7.7304,65503
7.7361,65497
7.7418,65503
7.7475,65502
7.7532,65503
7.7589,65505
7.7646,65508
7.7703,65506
7.776,65501
7.7817,65496
7.7874,65503
7.7931,65501
7.7989,65504
7.8046,65506
7.8103,65503
7.816,65507
7.8217,65499
7.8274,65493
7.8331,65504
7.8388,65506
7.8445,65505
7.8503,65505
7.856,65504
7.8617,65506
7.8674,65504
7.8731,65490
7.8788,65503
7.8845,65502
7.8902,65503
7.8959,65502
7.9016,65506
7.9073,65506
7.913,65505
7.9187,65498
7.9245,65507
7.9302,65505
7.9359,65503
7.9416,65502
7.9473,65505
7.953,65502
7.9587,65505
7.9644,65494
7.9701,65502
7.9758,65501
7.9815,65502
7.9873,65505
7.993,65498
7.9987,65504
8.0044,65502
8.0101,65494
8.0158,65504
8.0215,65505
8.0272,65502
8.0329,65507
8.0386,65504
8.0444,65504
8.0501,65503
8.0558,65492
8.0615,65505
8.0672,65504
8.0729,65505
8.0786,65503
8.0843,65504
8.09,65505
8.0957,65500
8.1014,65496
8.1071,65505
8.1129,65504
8.1186,65507
8.1243,65505
8.13,65504
8.1357,65508
8.1414,65500
8.1471,65494
8.1528,65503
8.1585,65505
8.1642,65503
8.1699,65505
8.1757,65504
8.1814,65501
8.1871,65506
8.1928,65497
8.1985,65503
8.2042,65506
8.2099,65501
8.2156,65506
8.2213,65505
8.227,65501
8.2328,65507
8.2385,65495
8.2442,65505
8.2499,65505
8.2556,65505
8.2613,65506
8.267,65504
8.2727,65504
8.2784,65504
8.2841,65496
8.2898,65508
8.2955,65503
8.3012,65504
8.3069,65504
8.3127,65506
8.3184,65502
8.3241,65505
8.3298,65496
8.3355,65509
8.3412,65505
8.3469,65507
8.3526,65506
8.3583,65506
8.364,65507
8.3697,65502
8.3754,65494
8.3812,65507
8.3869,65503
8.3926,65502
8.3983,65500
8.404,65503
8.4097,65506
8.4154,65504
8.4211,65494
8.4268,65501
8.4325,65501
8.4382,65507
8.4439,65505
8.4496,65503
8.4554,65503
8.4611,65505
8.4668,65493
8.4725,65500
8.4782,65504
8.4839,65503
8.4896,65504
8.4953,65507
8.501,65503
8.5067,65505
8.5124,65492
8.5181,65504
8.5239,65505
8.5296,65503
8.5353,65507
8.541,65507
8.5467,65508
8.5524,65504
8.5581,65493
8.5638,65505
8.5695,65502
8.5752,65503
8.5809,65503
8.5866,65504
8.5924,65503
8.5981,65507
8.6038,65496
8.6095,65506
8.6152,65504
8.6209,65505
8.6266,65503
8.6323,65508
8.638,65503
8.6437,65504
8.6494,65495
8.6551,65507
8.6609,65501
8.6666,65505
8.6723,65505
8.678,65502
8.6837,65505
8.6894,65504
8.6951,65494
8.7008,65504
8.7065,65502
8.7122,65504
8.7179,65505
8.7236,65501
8.7293,65503
8.7351,65502
8.7408,65493
8.7465,65507
8.7522,65501
8.7579,65506
8.7636,65508
8.7693,65506
8.775,65503
8.7807,65504
8.7864,65489
8.7921,65504
8.7978,65501
8.8036,65503
8.8093,65500
8.815,65507
8.8207,65500
8.8264,65505
8.8321,65491
8.8378,65501
8.8435,65498
8.8492,65502
8.8549,65503
8.8606,65503
8.8663,65503
8.872,65503
8.8778,65499
8.8835,65502
8.8892,65502
8.8949,65504
8.9006,65508
8.9063,65504
8.912,65505
8.9177,65507
8.9234,65493
8.9291,65504
8.9348,65502
8.9405,65506
8.9463,65505
8.952,65503
8.9577,65506
8.9634,65505
8.9691,65493
8.9748,65508
8.9805,65504
8.9862,65502
8.9919,65504
8.9976,65506
9.0033,65504
9.009,65505
9.0147,65494
9.0205,65504
9.0262,65504
9.0319,65506
9.0376,65504
9.0433,65502
9.049,65502
9.0547,65504
9.0604,65491
9.0661,65503
9.0718,65501
9.0776,65501
9.0833,65504
9.089,65503
9.0947,65502
9.1004,65502
9.1061,65493
9.1118,65504
9.1175,65499
9.1232,65502
9.1289,65505
9.1346,65503
9.1403,65504
9.146,65504
9.1518,65493
9.1575,65505
9.1632,65502
9.1689,65502
9.1746,65508
9.1803,65504
9.186,65506
9.1917,65505
9.1974,65490
9.2031,65503
9.2088,65503
9.2145,65505
9.2203,65502
9.226,65503
9.2317,65504
9.2374,65502
9.2431,65496
9.2488,65501
9.2545,65498
9.2602,65500
9.2659,65504
9.2716,65503
9.2774,65502
9.2831,65508
9.2888,65495
9.2945,65499
9.3002,65500
9.3059,65497
9.3116,65504
9.3173,65504
9.323,65500
9.3287,65502
9.3344,65491
9.3401,65503
9.3459,65501
9.3516,65503
9.3573,65501
9.363,65503
9.3687,65504
9.3744,65503
9.3801,65492
9.3858,65503
9.3915,65503
9.3972,65499
9.4029,65496
9.4087,65504
9.4144,65503
9.4201,65505
9.4258,65498
9.4315,65500
9.4372,65504
9.4429,65501
9.4486,65498
9.4543,65504
9.4601,65505
9.4658,65505
9.4715,65490
9.4772,65500
9.4829,65502
9.4886,65504
9.4943,65504
9.5,65504
9.5057,65502
9.5114,65501
9.5171,65489
9.5229,65500
9.5286,65504
9.5343,65503
9.54,65502
9.5457,65499
9.5514,65501
9.5571,65505
9.5628,65490
9.5685,65502
9.5742,65503
9.5799,65500
9.5857,65506
9.5914,65501
9.5971,65501
9.6028,65501
9.6085,65492
9.6142,65502
9.6199,65503
9.6256,65500
9.6313,65500
9.6371,65503
9.6428,65500
9.6485,65501
9.6542,65492
9.6599,65501
9.6656,65502
9.6713,65497
9.677,65503
9.6827,65504
9.6884,65502
9.6941,65505
9.6998,65493
9.7055,65506
9.7112,65502
9.7169,65505
9.7227,65504
9.7284,65500
9.7341,65505
9.7398,65501
9.7455,65494
9.7512,65495
9.7569,65503
9.7626,65506
9.7683,65502
9.774,65501
9.7797,65506
9.7854,65500
9.7911,65492
9.7969,65501
9.8026,65505
9.8083,65503
9.814,65506
9.8197,65502
9.8254,65503
9.8311,65508
9.8368,65497
9.8426,65502
9.8483,65500
9.854,65504
9.8597,65506
9.8654,65504
9.8711,65501
9.8768,65503
9.8825,65491
9.8882,65499
9.8939,65500
9.8996,65499
9.9053,65501
9.9111,65504
9.9168,65504
9.9225,65500
9.9282,65494
9.9339,65501
9.9396,65505
9.9453,65503
9.951,65504
9.9567,65504
9.9624,65505
9.9681,65505
9.9738,65495
9.9796,65496
9.9853,65502
9.991,65502
9.9967,65502
10.0024,65495
10.0081,65504
10.0138,65498
10.0195,65488
10.0252,65503
10.0309,65501
10.0366,65501
10.0424,65500
10.0481,65501
10.0538,65504
10.0595,65501
10.0652,65492
10.0709,65504
10.0766,65499
10.0823,65502
10.088,65504
10.0937,65499
10.0994,65501
10.1051,65499
10.1108,65491
10.1166,65506
10.1223,65501
10.128,65503
10.1337,65505
10.1394,65502
10.1451,65504
10.1508,65504
10.1565,65491
10.1622,65503
10.1679,65505
10.1737,65503
10.1794,65504
10.1851,65499
10.1908,65502
10.1965,65503
10.2022,65493
10.2079,65500
10.2136,65506
10.2193,65502
10.2251,65501
10.2308,65505
10.2365,65503
10.2422,65505
10.2479,65496
10.2536,65501
10.2593,65501
10.265,65503
10.2707,65501
10.2764,65502
10.2821,65504
10.2878,65501
10.2936,65498
10.2993,65503
10.305,65504
10.3107,65504
10.3164,65504
10.3221,65504
10.3278,65504
10.3335,65504
10.3392,65493
10.3449,65502
10.3506,65503
10.3564,65506
10.3621,65502
10.3678,65499
10.3735,65503
10.3792,65506
10.3849,65491
10.3906,65500
10.3963,65500
10.402,65503
10.4077,65501
10.4134,65502
10.4192,65503
10.4249,65500
10.4306,65490
10.4363,65502
10.442,65504
10.4477,65503
10.4534,65504
10.4591,65495
10.4648,65500
10.4705,65506
10.4762,65488
10.482,65502
10.4877,65501
10.4934,65499
10.4991,65498
10.5048,65501
10.5105,65506
10.5162,65501
10.5219,65488
10.5276,65503
10.5333,65503
10.539,65501
10.5447,65503
10.5504,65506
10.5562,65507
10.5619,65501
10.5676,65490
10.5733,65500
10.579,65508
10.5847,65500
10.5904,65506
10.5961,65498
10.6018,65501
10.6075,65501
10.6132,65491
10.6189,65500
10.6246,65500
10.6304,65499
10.6361,65502
10.6418,65502
10.6475,65505
10.6532,65506
10.6589,65491
10.6646,65502
10.6703,65503
10.676,65504
10.6817,65502
10.6874,65499
10.6932,65501
10.6989,65497
10.7046,65493
10.7103,65503
10.716,65497
10.7217,65503
10.7274,65500
10.7331,65502
10.7388,65500
10.7445,65502
10.7503,65493
10.756,65501
10.7617,65502
10.7674,65504
10.7731,65499
10.7788,65503
10.7845,65498
10.7902,65505
10.7959,65494
10.8016,65502
10.8073,65502
10.813,65502
10.8188,65507
10.8245,65501
10.8302,65502
10.8359,65502
10.8416,65488
10.8473,65494
10.853,65500
10.8587,65501
10.8644,65503
10.8701,65504
10.8758,65506
10.8815,65505
10.8873,65493
10.893,65504
10.8987,65506
10.9044,65503
10.9101,65501
10.9158,65501
10.9215,65503
10.9272,65502
10.9329,65495
10.9386,65504
10.9443,65501
10.95,65502
10.9557,65501
10.9615,65502
10.9672,65501
10.9729,65501
10.9786,65492
10.9843,65502
10.99,65502
10.9957,65507
11.0014,65503
11.0071,65502
11.0128,65504
11.0185,65503
11.0242,65490
11.03,65502
11.0357,65503
11.0414,65505
11.0471,65504
11.0528,65501
11.0585,65502
11.0642,65505
11.0699,65489
11.0756,65502
11.0813,65506
11.087,65503
11.0928,65504
11.0985,65503
11.1042,65499
11.1099,65502
11.1156,65494
11.1213,65502
11.127,65498
11.1327,65505
11.1384,65502
11.1441,65505
11.1498,65507
11.1555,65503
11.1613,65492
11.167,65504
11.1727,65502
11.1784,65504
11.1841,65500
11.1898,65501
11.1955,65501
11.2012,65504
11.2069,65489
11.2126,65506
11.2183,65504
11.224,65504
11.2298,65507
11.2355,65501
11.2412,65505
11.2469,65506
11.2526,65494
11.2583,65504
11.264,65500
11.2697,65504
11.2754,65502
11.2811,65503
11.2868,65499
11.2925,65506
11.2982,65489
11.3039,65504
11.3097,65502
11.3154,65501
11.3211,65503
11.3268,65506
11.3325,65504
11.3382,65506
11.3439,65491
11.3496,65505
11.3553,65502
11.361,65501
11.3667,65501
11.3725,65507
11.3782,65503
11.3839,65504
11.3896,65495
11.3953,65505
11.401,65506
11.4067,65504
11.4124,65502
11.4181,65504
11.4238,65499
11.4295,65507
11.4352,65498
11.4409,65502
11.4467,65505
11.4524,65503
11.4581,65501
11.4638,65501
11.4695,65504
11.4752,65502
11.4809,65494
11.4866,65506
11.4923,65506
11.498,65508
11.5037,65506
11.5094,65505
11.5151,65504
11.5208,65505
11.5266,65489
11.5323,65502
11.538,65503
11.5437,65502
11.5494,65500
11.5551,65500
11.5608,65501
11.5665,65503
11.5722,65490
11.5779,65505
11.5837,65503
11.5894,65505
11.5951,65499
11.6008,65506
11.6065,65505
11.6122,65501
11.6179,65489
11.6236,65495
11.6293,65502
11.635,65505
11.6407,65506
11.6464,65502
11.6522,65503
11.6579,65500
11.6636,65490
11.6693,65500
11.675,65495
11.6807,65502
11.6864,65502
11.6921,65501
11.6978,65500
11.7035,65499
11.7092,65489
11.7149,65501
11.7207,65502
11.7264,65502
11.7321,65501
11.7378,65501
11.7435,65500
11.7492,65502
11.7549,65496
11.7606,65501
11.7663,65501
11.772,65504
11.7777,65504
11.7834,65503
11.7892,65505
11.7949,65498
11.8006,65489
11.8063,65501
11.812,65500
11.8177,65496
11.8234,65503
11.8291,65497
11.8348,65502
11.8405,65500
11.8462,65490
11.8519,65503
11.8577,65504
11.8634,65499
11.8691,65498
11.8748,65499
11.8805,65505
11.8862,65496
11.8919,65492
11.8976,65502
11.9033,65500
11.909,65500
11.9147,65502
11.9205,65501
11.9262,65500
11.9319,65499
11.9376,65490
11.9433,65499
11.949,65501
11.9547,65503
11.9604,65501
11.9661,65500
11.9718,65500
11.9775,65499
11.9833,65488
11.989,65503
11.9947,65502
12.0004,65507
12.0061,65503
12.0118,65502
12.0175,65501
12.0232,65500
12.0289,65493
12.0346,65502
12.0403,65502
12.046,65503
12.0517,65502
12.0575,65501
12.0632,65502
12.0689,65497
12.0746,65490
12.0803,65500
12.086,65502
12.0917,65500
12.0974,65494
12.1031,65503
12.1088,65499
12.1145,65500
12.1202,65491
12.1259,65504
12.1316,65502
12.1374,65502
12.1431,65501
12.1488,65501
12.1545,65504
12.1602,65504
12.1659,65495
12.1716,65499
12.1773,65500
12.183,65505
12.1887,65502
12.1944,65502
12.2001,65499
12.2058,65505
12.2116,65492
12.2173,65502
12.223,65502
12.2287,65503
12.2344,65502
12.2401,65499
12.2458,65501
12.2515,65499
12.2572,65490
12.2629,65504
12.2686,65499
12.2744,65500
12.2801,65499
12.2858,65500
12.2915,65506
12.2972,65503
12.3029,65492
12.3086,65504
12.3143,65501
12.32,65500
12.3257,65503
12.3314,65505
12.3371,65503
12.3428,65501
12.3486,65487
12.3543,65501
12.36,65500
12.3657,65504
12.3714,65504
12.3771,65499
12.3828,65502
12.3885,65504
12.3942,65490
12.3999,65503
12.4056,65499
12.4113,65499
12.4171,65500
12.4228,65498
12.4285,65499
12.4342,65501
12.4399,65489
12.4456,65502
12.4513,65500
12.457,65502
12.4627,65500
12.4684,65503
12.4741,65497
12.4798,65499
12.4856,65490
12.4913,65502
12.497,65503
12.5027,65500
12.5084,65499
12.5141,65500
12.5198,65499
12.5255,65499
12.5312,65490
12.5369,65498
12.5426,65496
12.5483,65500
12.5541,65494
12.5598,65500
12.5655,65498
12.5712,65501
12.5769,65488
12.5826,65496
12.5883,65499
12.594,65502
12.5997,65493
12.6054,65499
12.6112,65501
12.6169,65501
12.6226,65488
12.6283,65499
12.634,65496
12.6397,65500
12.6454,65504
12.6511,65498
12.6568,65499
12.6625,65502
12.6682,65489
12.674,65499
12.6797,65500
12.6854,65497
12.6911,65503
12.6968,65498
12.7025,65503
12.7082,65500
12.7139,65491
12.7196,65502
12.7253,65504
12.731,65500
12.7367,65500
12.7425,65501
12.7482,65499
12.7539,65501
12.7596,65490
12.7653,65501
12.771,65499
12.7767,65501
12.7824,65502
12.7881,65501
12.7938,65501
12.7996,65500
12.8053,65491
12.811,65504
12.8167,65505
12.8224,65500
12.8281,65501
12.8338,65501
12.8395,65503
12.8452,65500
12.8509,65488
12.8566,65502
12.8623,65501
12.8681,65499
12.8738,65497
12.8795,65499
12.8852,65501
12.8909,65499
12.8966,65486
12.9023,65501
12.908,65497
12.9137,65498
12.9194,65500
12.9252,65504
12.9309,65502
12.9366,65498
12.9423,65489
12.948,65501
12.9537,65500
12.9594,65501
12.9651,65501
12.9708,65501
12.9765,65502
12.9822,65502
12.9879,65488
12.9936,65503
12.9993,65500
13.0051,65500
13.0108,65501
13.0165,65502
13.0222,65503
13.0279,65502
13.0336,65489
13.0393,65502
13.045,65503
13.0507,65498
13.0565,65496
13.0622,65497
13.0679,65501
13.0736,65502
13.0793,65491
13.085,65501
13.0907,65500
13.0964,65501
13.1021,65499
13.1078,65498
13.1136,65498
13.1193,65498
13.125,65487
13.1307,65497
13.1364,65501
13.1421,65500
13.1478,65497
13.1535,65497
13.1592,65501
13.1649,65499
13.1706,65490
13.1763,65499
13.1821,65500
13.1878,65499
13.1935,65500
13.1992,65500
13.2049,65502
13.2106,65500
13.2163,65496
13.222,65502
13.2277,65499
13.2334,65501
13.2391,65497
13.2448,65495
13.2505,65504
13.2563,65500
13.262,65489
13.2677,65505
13.2734,65497
13.2791,65499
13.2848,65498
13.2905,65499
13.2962,65496
13.3019,65498
13.3076,65491
13.3133,65499
13.319,65501
13.3248,65495
13.3305,65498
13.3362,65497
13.3419,65498
13.3476,65499
13.3533,65487
13.359,65501
13.3647,65498
13.3704,65502
13.3761,65503
13.3818,65499
13.3875,65500
13.3932,65501
13.3989,65487
13.4047,65499
13.4104,65500
13.4161,65497
13.4218,65498
13.4275,65496
13.4332,65498
13.4389,65501
13.4446,65492
13.4503,65499
13.456,65499
13.4617,65503
13.4674,65499
13.4731,65497
13.4789,65503
13.4846,65501
13.4903,65489
13.496,65497
13.5017,65503
13.5074,65497
13.5131,65498
13.5188,65500
13.5245,65502
13.5302,65504
13.536,65489
13.5417,65501
13.5474,65500
13.5531,65500
13.5588,65500
13.5645,65500
13.5702,65498
13.5759,65499
13.5816,65489
13.5874,65498
13.5931,65499
13.5988,65501
13.6045,65501
13.6102,65501
13.6159,65498
13.6216,65500
13.6273,65491
13.633,65500
13.6387,65500
13.6444,65496
13.6501,65499
13.6558,65495
13.6615,65500
13.6673,65502
13.673,65489
13.6787,65500
13.6844,65501
13.6901,65499
13.6958,65496
13.7015,65502
13.7072,65500
13.7129,65499
13.7186,65491
13.7243,65499
13.7301,65502
13.7358,65502
13.7415,65504
13.7472,65504
13.7529,65499
13.7586,65501
13.7643,65492
13.77,65500
13.7757,65498
13.7814,65500
13.7871,65502
13.7929,65500
13.7986,65501
13.8043,65502
13.81,65491
13.8157,65499
13.8214,65497
13.8271,65501
13.8328,65501
13.8385,65505
13.8442,65501
13.8499,65501
13.8556,65490
13.8614,65500
13.8671,65502
13.8728,65502
13.8785,65500
13.8842,65500
13.8899,65501
13.8956,65501
13.9013,65490
13.907,65500
13.9127,65505
13.9184,65501
13.9242,65500
13.9299,65495
13.9356,65502
13.9413,65501
13.947,65490
13.9527,65501
13.9584,65503
13.9641,65500
13.9698,65504
13.9755,65500
13.9812,65500
13.9869,65503
13.9927,65487
13.9984,65501
14.0041,65499
14.0098,65497
14.0155,65499
14.0212,65501
14.0269,65501
14.0326,65501
14.0383,65492
14.044,65499
14.0497,65498
14.0554,65499
14.0612,65498
14.0669,65499
14.0726,65497
14.0783,65501
14.084,65491
14.0897,65500
14.0954,65499
14.1011,65503
14.1068,65502
14.1125,65500
14.1182,65503
14.1239,65496
14.1296,65490
14.1354,65503
14.1411,65498
14.1468,65502
14.1525,65505
14.1582,65502
14.1639,65496
14.1696,65502
14.1753,65490
14.181,65498
14.1867,65501
14.1924,65503
14.1981,65499
14.2038,65502
14.2096,65504
14.2153,65500
14.221,65489
14.2267,65504
14.2324,65497
14.2381,65496
14.2438,65500
14.2495,65500
14.2552,65500
14.2609,65501
14.2666,65489
14.2723,65497
14.278,65500
14.2838,65496
14.2895,65494
14.2952,65496
14.3009,65498
14.3066,65497
14.3123,65490
14.318,65494
14.3237,65497
14.3294,65498
14.3351,65502
14.3408,65501
14.3465,65498
14.3523,65497
14.358,65487
14.3637,65500
14.3694,65501
14.3751,65502
14.3808,65503
14.3865,65498
14.3922,65497
14.3979,65498
14.4036,65486
14.4093,65505
14.415,65499
14.4208,65498
14.4265,65497
14.4322,65495
14.4379,65497
14.4436,65499
14.4493,65490
14.455,65500
14.4607,65494
14.4664,65495
14.4721,65497
14.4778,65501
14.4835,65501
14.4893,65495
14.495,65488
14.5007,65498
14.5064,65495
14.5121,65496
14.5178,65498
14.5235,65499
14.5292,65505
14.5349,65496
14.5406,65487
14.5464,65502
14.5521,65497
14.5578,65499
14.5635,65501
14.5692,65502
14.5749,65498
14.5806,65501
14.5863,65489
14.592,65497
14.5977,65498
14.6034,65499
14.6092,65496
14.6149,65498
14.6206,65502
14.6263,65499
14.632,65490
14.6377,65500
14.6434,65501
14.6491,65500
14.6548,65496
14.6605,65502
14.6662,65500
14.6719,65501
14.6777,65489
14.6834,65499
14.6891,65501
14.6948,65497
14.7005,65500
14.7062,65497
14.7119,65505
14.7176,65502
14.7233,65486
14.729,65497
14.7347,65500
14.7404,65496
14.7461,65502
14.7519,65503
14.7576,65495
14.7633,65500
14.769,65487
14.7747,65495
14.7804,65502
14.7861,65498
14.7918,65501
14.7975,65501
14.8032,65497
14.8089,65501
14.8146,65486
14.8204,65498
14.8261,65501
14.8318,65502
14.8375,65502
14.8432,65502
14.8489,65503
14.8546,65503
14.8603,65485
14.866,65498
14.8717,65504
14.8774,65500
14.8831,65500
14.8888,65499
14.8945,65499
14.9002,65500
14.906,65482
14.9117,65499
14.9174,65498
14.9231,65503
14.9288,65496
14.9345,65501
14.9402,65498
14.9459,65497
14.9516,65489
14.9573,65500
14.963,65500
14.9688,65496
14.9745,65500
14.9802,65497
14.9859,65496
14.9916,65496
14.9973,65487
15.003,65499
15.0087,65501
15.0144,65498
15.0202,65498
15.0259,65503
15.0316,65501
15.0373,65500
15.043,65492
15.0487,65499
15.0544,65499
15.0601,65500
15.0658,65504
15.0715,65499
15.0773,65498
15.083,65501
15.0887,65492
15.0944,65499
15.1001,65503
15.1058,65503
15.1115,65501
15.1172,65499
15.1229,65499
15.1286,65500
15.1343,65489
15.14,65501
15.1458,65500
15.1515,65500
15.1572,65501
15.1629,65502
15.1686,65499
15.1743,65497
15.18,65493
15.1857,65505
15.1914,65500
15.1971,65502
15.2028,65503
15.2086,65498
15.2143,65501
15.22,65504
15.2257,65487
15.2314,65498
15.2371,65496
15.2428,65502
15.2485,65498
15.2542,65502
15.2599,65503
15.2656,65501
15.2714,65492
15.2771,65502
15.2828,65500
15.2885,65499
15.2942,65497
15.2999,65497
15.3056,65500
15.3113,65502
15.317,65495
15.3227,65501
15.3284,65499
15.3341,65503
15.3398,65500
15.3456,65499
15.3513,65501
15.357,65503
15.3627,65488
15.3684,65501
15.3741,65499
15.3798,65500
15.3855,65500
15.3912,65497
15.3969,65499
15.4026,65501
15.4083,65486
15.4141,65500
15.4198,65501
15.4255,65498
15.4312,65499
15.4369,65499
15.4426,65500
15.4483,65494
15.454,65490
15.4597,65503
15.4654,65500
15.4711,65500
15.4768,65498
15.4825,65503
15.4883,65498
15.494,65507
15.4997,65489
15.5054,65501
15.5111,65498
15.5168,65501
15.5225,65500
15.5282,65499
15.5339,65502
15.5396,65501
15.5453,65489
15.551,65501
15.5568,65502
15.5625,65504
15.5682,65500
15.5739,65500
15.5796,65499
15.5853,65499
15.591,65489
15.5967,65503
15.6024,65498
15.6081,65499
15.6138,65500
15.6196,65501
15.6253,65501
15.631,65499
15.6367,65486
15.6424,65499
15.6481,65499
15.6538,65498
15.6595,65499
15.6652,65502
15.6709,65499
15.6766,65499
15.6823,65491
15.688,65501
15.6937,65500
15.6994,65498
15.7052,65499
15.7109,65498
15.7166,65494
15.7223,65502
15.728,65488
15.7337,65501
15.7394,65501
15.7451,65498
15.7508,65500
15.7565,65499
15.7622,65501
15.7679,65495
15.7736,65487
15.7794,65497
15.7851,65496
15.7908,65498
15.7965,65497
15.8022,65497
15.8079,65500
15.8136,65498
15.8193,65486
15.825,65498
15.8307,65500
15.8364,65498
15.8422,65499
15.8479,65492
15.8536,65501
15.8593,65500
15.865,65487
15.8707,65497
15.8764,65499
15.8821,65498
15.8878,65496
15.8935,65495
15.8992,65495
15.9049,65498
15.9106,65486
15.9164,65496
15.9221,65496
15.9278,65497
15.9335,65497
15.9392,65499
15.9449,65499
15.9506,65499
15.9563,65489
15.962,65501
15.9677,65504
15.9734,65499
15.9792,65505
15.9849,65499
15.9906,65500
15.9963,65500
16.002,65497
16.0077,65498
16.0134,65501
16.0191,65496
16.0248,65500
16.0305,65500
16.0362,65501
16.0419,65499
16.0477,65493
16.0534,65500
16.0591,65499
16.0648,65497
16.0705,65501
16.0762,65500
16.0819,65499
16.0876,65495
16.0933,65488
16.099,65505
16.1047,65499
16.1104,65499
16.1161,65502
16.1219,65499
16.1276,65498
16.1333,65497
16.139,65486
16.1447,65500
16.1504,65499
16.1561,65500
16.1618,65501
16.1675,65502
16.1732,65500
16.1789,65502
16.1847,65488
16.1904,65502
16.1961,65501
16.2018,65500
16.2075,65497
16.2132,65503
16.2189,65503
16.2246,65501
16.2303,65494
16.2361,65499
16.2418,65496
16.2475,65501
16.2532,65503
16.2589,65504
16.2646,65501
16.2703,65502
16.276,65483
16.2817,65501
16.2874,65504
16.2932,65500
16.2989,65503
16.3046,65502
16.3103,65499
16.316,65503
16.3217,65494
16.3274,65499
16.3331,65495
16.3388,65500
16.3445,65500
16.3502,65502
16.356,65503
16.3617,65502
16.3674,65490
16.3731,65503
16.3788,65504
16.3845,65502
16.3902,65505
16.3959,65504
16.4016,65501
16.4073,65499
16.413,65490
16.4187,65502
16.4244,65499
16.4302,65502
16.4359,65502
16.4416,65502
16.4473,65500
16.453,65500
16.4587,65495
16.4644,65501
16.4701,65501
16.4758,65498
16.4816,65496
16.4873,65496
16.493,65503
16.4987,65507
16.5044,65490
16.5101,65504
16.5158,65500
16.5215,65503
16.5272,65499
16.5329,65499
16.5386,65501
16.5443,65504
16.5501,65488
16.5558,65496
16.5615,65500
16.5672,65504
16.5729,65499
16.5786,65504
16.5843,65500
16.59,65500
16.5957,65488
16.6014,65501
16.6072,65500
16.6129,65502
16.6186,65498
16.6243,65499
16.63,65499
16.6357,65493
16.6414,65489
16.6471,65497
16.6528,65499
16.6585,65501
16.6642,65505
16.6699,65502
16.6757,65503
16.6814,65503
16.6871,65495
16.6928,65504
16.6985,65499
16.7042,65502
16.7099,65500
16.7156,65503
16.7213,65501
16.727,65501
16.7328,65492
16.7385,65496
16.7442,65504
16.7499,65503
16.7556,65498
16.7613,65502
16.767,65497
16.7727,65502
16.7784,65490
16.7841,65502
16.7898,65503
16.7955,65503
16.8013,65500
16.807,65503
16.8127,65503
16.8184,65497
16.8241,65489
16.8298,65500
16.8355,65504
16.8412,65500
16.8469,65503
16.8526,65502
16.8583,65497
16.864,65497
16.8698,65494
16.8755,65498
16.8812,65504
16.8869,65505
16.8926,65501
16.8983,65501
16.904,65502
16.9097,65504
16.9154,65494
16.9211,65504
16.9268,65499
16.9325,65501
16.9383,65502
16.944,65498
16.9497,65502
16.9554,65498
16.9611,65495
16.9668,65503
