0.0004,63335
0.003,62626
0.0061,62552
0.0119,63132
0.0177,62480
0.0235,62470
0.0292,62446
0.035,62451
0.0407,62440
0.0464,62431
0.0521,62430
0.0578,62419
0.0635,62460
0.0692,62462
0.0749,62418
0.0806,62439
0.0864,62428
0.0921,62440
0.0978,62416
0.1035,62373
0.1092,62382
0.1149,62381
0.1206,64081
0.1263,63751
0.132,63733
0.1377,63381
0.1434,62450
0.1491,62518
0.1549,62529
0.1606,62507
0.1663,62493
0.172,62445
0.1777,62477
0.1834,62537
0.1891,62526
0.1948,62489
0.2005,62481
0.2062,62447
0.2119,62457
0.2176,62449
0.2233,62527
0.2291,62521
0.2348,62533
0.2405,62596
0.2462,62541
0.2519,62485
0.2576,62526
0.2633,62505
0.269,62559
0.2747,62536
0.2804,62521
0.2861,62542
0.2918,62489
0.2976,62468
0.3033,62490
0.309,62534
0.3147,62542
0.3204,62537
0.3261,62623
0.3318,62611
0.3375,62614
0.3432,62555
0.3489,62621
0.3546,62624
0.3604,62590
0.3661,62572
0.3718,62568
0.3775,62572
0.3832,62666
0.3889,62651
0.3946,62567
0.4003,62617
0.406,62612
0.4117,62606
0.4174,62635
0.4232,62613
0.4289,62613
0.4346,62590
0.4403,62593
0.446,62600
0.4517,62607
0.4574,62595
0.4631,62594
0.4688,62658
0.4745,62601
0.4802,62600
0.4859,62602
0.4917,62615
0.4974,62612
0.5031,62623
0.5088,62629
0.5145,62615
0.5202,62632
0.5259,62618
0.5316,62616
0.5373,62609
0.543,62621
0.5487,62631
0.5544,62635
0.5602,62633
0.5659,62656
0.5716,62654
0.5773,62664
0.583,62669
0.5887,62655
0.5944,62680
0.6001,62678
0.6058,62676
0.6115,62682
0.6172,62689
0.6229,62698
0.6287,62688
0.6344,62688
0.6401,62726
0.6458,62735
0.6515,62737
0.6572,62701
0.6629,62661
0.6686,62676
0.6743,62656
0.6801,62676
0.6858,62676
0.6915,62678
0.6972,62682
0.7029,62685
0.7086,64213
0.7143,62662
0.72,62688
0.7257,62681
0.7314,62675
0.7371,62666
0.7429,62673
0.7486,62728
0.7543,62705
0.76,62691
0.7657,60728
0.7714,62735
0.7771,62736
0.7828,62769
0.7885,62713
0.7942,62702
0.7999,62691
0.8057,62705
0.8114,62704
0.8171,62709
0.8228,64208
0.8285,63111
0.8342,62739
0.8399,62747
0.8456,62747
0.8513,62788
0.857,62773
0.8627,62757
0.8684,62763
0.8741,62791
0.8799,62793
0.8856,62784
0.8913,62856
0.897,62781
0.9027,62776
0.9084,62823
0.9141,62812
0.9198,62909
0.9255,62807
0.9312,62804
0.9369,62844
0.9426,62821
0.9483,62812
0.9541,62829
0.9598,62822
0.9655,62816
0.9712,62833
0.9769,62910
0.9826,62921
0.9883,62860
0.994,62846
0.9997,62832
1.0055,62834
1.0112,62844
1.0169,62840
1.0226,62853
1.0283,62846
1.034,62840
1.0397,62854
1.0454,62866
1.0511,62892
1.0568,62874
1.0625,62903
1.0682,62930
1.074,62941
1.0797,62962
1.0854,62983
1.0911,62994
1.0968,62964
1.1025,62981
1.1082,62966
1.1139,62980
1.1196,63011
1.1254,62982
1.1311,62991
1.1368,62984
1.1425,62987
1.1482,62988
1.1539,62994
1.1596,62994
1.1653,62998
1.171,63000
1.1767,62985
1.1824,62992
1.1882,62997
1.1939,62999
1.1996,63013
1.2053,63026
1.211,63031
1.2167,63045
1.2224,63046
1.2281,63043
1.2338,63079
1.2395,63099
1.2452,62703
1.251,63123
1.2567,63099
1.2624,63101
1.2681,63110
1.2738,63110
1.2795,63114
1.2853,63136
1.291,63137
1.2967,63140
1.3024,63170
1.3081,63147
1.3138,63160
1.3195,63162
1.3252,63165
1.3309,63183
1.3366,63184
1.3423,63180
1.348,63171
1.3538,63191
1.3595,63201
1.3652,63203
1.3709,63208
1.3766,63227
1.3823,63214
1.388,63222
1.3937,63244
1.3994,63241
1.4051,63246
1.4108,63299
1.4166,63262
1.4223,63267
1.428,63247
1.4337,63262
1.4394,63289
1.4451,63298
1.4508,63308
1.4565,63311
1.4622,63318
1.468,63322
1.4737,63328
1.4794,63338
1.4851,61480
1.4908,63367
1.4965,63380
1.5022,63365
1.508,63378
1.5137,63449
1.5194,63392
1.5251,63401
1.5308,63411
1.5365,63434
1.5422,63440
1.5479,63445
1.5536,63437
1.5593,63463
1.565,63459
1.5708,63460
1.5765,63465
1.5822,63896
1.5879,63471
1.5936,63466
1.5993,63475
1.605,63489
1.6107,63488
1.6164,63500
1.6221,63505
1.6278,63515
1.6335,63531
1.6392,63537
1.6449,63549
1.6507,63561
1.6564,63556
1.6621,63562
1.6678,63580
1.6735,63590
1.6792,63604
1.6849,63603
1.6906,63620
1.6963,63628
1.702,63633
1.7077,63641
1.7135,63660
1.7192,63663
1.7249,63664
1.7306,63684
1.7363,63682
1.742,63680
1.7477,63693
1.7534,63699
1.7591,63708
1.7648,63720
1.7706,63729
1.7763,63729
1.782,63733
1.7877,63741
1.7934,63742
1.7991,65310
1.8049,65310
1.8106,65321
1.8163,65316
1.822,65329
1.8277,65340
1.8334,65347
1.8391,65348
1.8448,65355
1.8505,65359
1.8563,65365
1.862,65360
1.8677,65383
1.8734,65386
1.8791,65386
1.8848,65393
1.8905,65397
1.8962,65403
1.9019,65405
1.9076,65400
1.9133,65408
1.919,65418
1.9248,65419
1.9305,65421
1.9362,65427
1.9419,65423
1.9476,65432
1.9533,65419
1.959,65438
1.9647,65450
1.9704,65445
1.9761,65452
1.9818,65448
1.9875,65457
1.9933,65461
1.999,65452
2.0047,65463
2.0104,65463
2.0161,65467
2.0218,65464
2.0275,65474
2.0332,65479
2.0389,65481
2.0446,65470
2.0503,65475
2.0561,65487
2.0618,65485
2.0675,65484
2.0732,65488
2.0789,65491
2.0846,65490
2.0903,65478
2.096,65495
2.1017,65495
2.1074,63908
2.1131,63944
2.1188,63953
2.1245,63948
2.1303,63954
2.136,63959
2.1417,63959
2.1474,63964
2.1531,63961
2.1588,63961
2.1645,63963
2.1702,63964
2.1759,63964
2.1816,63965
2.1873,63976
2.193,63972
2.1987,63980
2.2045,65492
2.2102,65505
2.2159,65504
2.2216,65505
2.2273,65494
2.233,65505
2.2387,65506
2.2444,65509
2.2501,65507
2.2558,65508
2.2615,65506
2.2672,65504
2.273,65505
2.2787,65501
2.2844,65501
2.2901,65505
2.2958,65503
2.3015,65511
2.3072,65508
2.3129,65505
2.3186,65494
2.3243,65507
2.33,65505
2.3357,65507
2.3415,65510
2.3472,65507
2.3529,65505
2.3586,65505
2.3643,65493
2.37,65508
2.3757,65506
2.3814,65507
2.3871,65509
2.3928,65506
2.3985,65508
2.4042,65506
2.41,65501
2.4157,65507
2.4214,65507
2.4271,65506
2.4328,65508
2.4385,65506
2.4442,65508
2.4499,65511
2.4556,65504
2.4613,65507
2.4671,65504
2.4728,65509
2.4785,65507
2.4842,65506
2.4899,65507
2.4956,65507
2.5013,65501
2.507,65508
2.5128,65507
2.5185,65508
2.5242,65501
2.5299,65507
2.5356,65509
2.5413,65507
2.547,65501
2.5527,65508
2.5584,65508
2.5641,65507
2.5698,65508
2.5755,65509
2.5812,65511
2.587,65511
2.5927,65505
2.5984,65506
2.6041,65508
2.6098,65509
2.6155,65510
2.6212,65502
2.6269,65502
2.6326,65507
2.6383,65502
2.644,65503
2.6497,65508
2.6555,65507
2.6612,65496
2.6669,65510
2.6726,65508
2.6783,65504
2.684,65503
2.6897,65506
2.6954,65506
2.7011,65503
2.7068,65501
2.7125,65504
2.7182,65503
2.7239,65508
2.7296,65502
2.7354,65510
2.7411,65503
2.7468,65507
2.7525,65506
2.7582,65508
2.7639,65508
2.7696,65506
2.7753,65502
2.781,65507
2.7867,65508
2.7924,65507
2.7981,65503
2.8038,65509
2.8095,65506
2.8153,65508
2.821,65503
2.8267,65505
2.8324,65508
2.8381,65507
2.8438,65505
2.8495,65502
2.8552,65503
2.8609,65508
2.8667,65507
2.8724,65507
2.8781,65507
2.8838,65508
2.8895,65507
2.8952,65507
2.9009,65507
2.9066,65502
2.9123,65494
2.918,65508
2.9237,65507
2.9294,65503
2.9351,65508
2.9409,65506
2.9466,65503
2.9523,65506
2.958,65499
2.9637,65503
2.9694,65505
2.9751,65507
2.9808,65507
2.9865,65505
2.9922,65505
2.998,65506
3.0037,65498
3.0094,65506
3.0151,65505
3.0208,65508
3.0265,65508
3.0322,65508
3.0379,65506
3.0436,65508
3.0493,65499
3.0551,65505
3.0608,65506
3.0665,65505
3.0722,65507
3.0779,65508
3.0836,65507
3.0893,65507
3.095,65496
3.1007,65506
3.1064,65507
3.1121,65507
3.1178,65504
3.1235,65509
3.1292,65507
3.1349,65507
3.1406,65502
3.1464,65508
3.1521,65508
3.1578,65507
3.1635,65508
3.1692,65506
3.1749,65507
3.1806,65509
3.1863,65496
3.192,65504
3.1977,65508
3.2034,65505
3.2092,65507
3.2149,65504
3.2206,65507
3.2263,65503
3.232,65504
3.2377,65505
3.2434,65501
3.2491,65506
3.2548,65505
3.2605,65508
3.2662,65504
3.2719,65502
3.2776,65507
3.2834,65506
3.2891,65506
3.2948,65504
3.3005,65507
3.3062,65507
3.3119,65507
3.3176,65507
3.3233,65508
3.329,65506
3.3347,65505
3.3404,65508
3.3461,65509
3.3519,65507
3.3576,65507
3.3633,65502
3.369,65497
3.3747,65498
3.3804,65511
3.3861,65509
3.3918,65508
3.3975,65507
3.4032,65509
3.4089,65506
3.4146,65504
3.4203,65507
3.4261,65508
3.4318,65507
3.4375,65508
3.4432,65505
3.4489,65495
3.4546,65505
3.4603,65504
3.466,65508
3.4717,65507
3.4774,65502
3.4831,65504
3.4889,65507
3.4946,65508
3.5003,65505
3.506,65499
3.5117,65507
3.5174,65499
3.5231,65501
3.5288,65503
3.5345,65505
3.5402,65506
3.5459,65504
3.5516,65500
3.5573,65506
3.563,65503
3.5688,65508
3.5745,65504
3.5802,65509
3.5859,65509
3.5916,65509
3.5973,65506
3.603,65510
3.6087,65512
3.6144,65507
3.6201,65507
3.6258,65509
3.6315,65507
3.6372,65511
3.6429,65504
3.6487,65510
3.6544,65512
3.6601,65509
3.6658,65509
3.6715,65507
3.6772,65508
3.6829,65502
3.6886,65506
3.6943,65510
3.7,65509
3.7057,65509
3.7114,65510
3.7172,65507
3.7229,65508
3.7286,65506
3.7343,65502
3.74,65505
3.7457,65507
3.7514,65508
3.7571,65505
3.7628,65506
3.7685,65509
3.7743,65500
3.78,65496
3.7857,65507
3.7914,65509
3.7971,65505
3.8028,65508
3.8085,65509
3.8142,65506
3.8199,65509
3.8257,65501
3.8314,65508
3.8371,65505
3.8428,65504
3.8485,65507
3.8542,65509
3.8599,65501
3.8656,65504
3.8713,65498
3.877,65510
3.8827,65509
3.8884,65509
3.8942,65509
3.8999,65508
3.9056,65509
3.9113,65503
3.917,65501
3.9227,65511
3.9284,65508
3.9341,65506
3.9398,65507
3.9455,65508
3.9513,65507
3.957,65501
3.9627,65502
3.9684,65507
3.9741,65504
3.9798,65510
3.9855,65506
3.9912,65507
3.9969,65504
4.0026,65506
4.0084,65501
4.0141,65509
4.0198,65506
4.0255,65508
4.0312,65507
4.0369,65509
4.0426,65506
4.0483,65505
4.054,65504
4.0597,65502
4.0654,65506
4.0712,65507
4.0769,65498
4.0826,65502
4.0883,65508
4.094,65506
4.0997,65499
4.1054,65506
4.1111,65506
4.1168,65509
4.1225,65498
4.1282,65506
4.134,65508
4.1397,65505
4.1454,65504
4.1511,65510
4.1568,65508
4.1625,65507
4.1682,65508
4.1739,65501
4.1796,65498
4.1854,65510
4.1911,65504
4.1968,65510
4.2025,65505
4.2082,65507
4.2139,65508
4.2196,65507
4.2253,65509
4.231,65511
4.2367,65505
4.2424,65511
4.2481,65510
4.2539,65507
4.2596,65510
4.2653,65508
4.271,65508
4.2767,65509
4.2824,65503
4.2881,65510
4.2938,65510
4.2995,65509
4.3052,65510
4.3109,65509
4.3166,65508
4.3224,65508
4.3281,65503
4.3338,65506
4.3395,65506
4.3452,65508
4.3509,65510
4.3566,65508
4.3623,65507
4.368,65507
4.3737,65505
4.3794,65507
4.3851,65510
4.3909,65507
4.3966,65510
4.4023,65494
4.408,65507
4.4137,65508
4.4194,65502
4.4251,65504
4.4308,65507
4.4365,65506
4.4422,65509
4.4479,65503
4.4536,65509
4.4594,65507
4.4651,65501
4.4708,65510
4.4765,65508
4.4822,65506
4.4879,65499
4.4936,65510
4.4993,65509
4.505,65507
4.5107,65503
4.5164,65505
4.5221,65507
4.5279,65509
4.5336,65508
4.5393,65508
4.545,65509
4.5507,65508
4.5564,65501
4.5621,65507
4.5678,65506
4.5735,65509
4.5792,65510
4.5849,65506
4.5906,65507
4.5964,65504
4.6021,65501
4.6078,65504
4.6135,65505
4.6192,65505
4.6249,65506
4.6306,65508
4.6363,65507
4.642,65502
4.6477,65500
4.6534,65504
4.6591,65508
4.6648,65505
4.6705,65508
4.6763,65507
4.682,65505
4.6877,65504
4.6934,65497
4.6991,65503
4.7048,65506
4.7105,65504
4.7162,65505
4.7219,65509
4.7276,65506
4.7333,65506
4.739,65496
4.7447,65505
4.7505,65504
4.7562,65504
4.7619,65505
4.7676,65506
4.7733,65509
4.779,65506
4.7847,65500
4.7904,65505
4.7961,65500
4.8018,65504
4.8075,65507
4.8133,65502
4.819,65501
4.8247,65503
4.8304,65500
4.8361,65508
4.8418,65505
4.8475,65505
4.8532,65502
4.8589,65504
4.8646,65503
4.8703,65500
4.8761,65489
4.8818,65497
4.8875,65507
4.8932,65502
4.8989,65507
4.9046,65506
4.9103,65506
4.916,65506
4.9217,65496
4.9274,65506
4.9331,65509
4.9388,65503
4.9445,65506
4.9502,65499
4.956,65500
4.9617,65505
4.9674,65500
4.9731,65507
4.9788,65503
4.9845,65497
4.9902,65503
4.9959,65505
5.0016,65501
5.0073,65502
5.013,65500
5.0188,65498
5.0245,65506
5.0302,65498
5.0359,65501
5.0416,65507
5.0473,65505
5.053,65504
5.0587,65496
5.0644,65502
5.0701,65504
5.0758,65502
5.0815,65503
5.0873,65507
5.093,65500
5.0987,65507
5.1044,65500
5.1101,65507
5.1158,65506
5.1215,65501
5.1272,65493
5.1329,65508
5.1386,65505
5.1443,65503
5.15,65500
5.1557,65499
5.1614,65503
5.1671,65505
5.1729,65505
5.1786,65503
5.1843,65503
5.19,65505
5.1957,65498
5.2014,65505
5.2071,65507
5.2128,65506
5.2185,65498
5.2242,65502
5.2299,65503
5.2356,65504
5.2414,65493
5.2471,65502
5.2528,65504
5.2585,65499
5.2642,65506
5.2699,65503
5.2756,65506
5.2813,65504
5.287,65495
5.2927,65503
5.2984,65501
5.3042,65504
5.3099,65506
5.3156,65508
5.3213,65504
5.327,65505
5.3327,65501
5.3384,65503
5.3441,65503
5.3498,65507
5.3556,65502
5.3613,65500
5.367,65507
5.3727,65501
5.3784,65492
5.3841,65501
5.3898,65504
5.3955,65507
5.4012,65505
5.4069,65503
5.4126,65505
5.4183,65506
5.4241,65498
5.4298,65507
5.4355,65505
5.4412,65506
5.4469,65502
5.4526,65505
5.4583,65507
5.464,65504
5.4697,65504
5.4754,65505
5.4812,65507
5.4869,65506
5.4926,65507
5.4983,65507
5.504,65507
5.5097,65505
5.5154,65500
5.5211,65502
5.5268,65504
5.5325,65506
5.5382,65504
5.5439,65500
5.5497,65501
5.5554,65507
5.5611,65497
5.5668,65505
5.5725,65505
5.5782,65505
5.5839,65503
5.5896,65502
5.5953,65502
5.601,65505
5.6067,65498
5.6124,65504
5.6182,65501
5.6239,65493
5.6296,65503
5.6353,65501
5.641,65503
5.6467,65503
5.6524,65490
5.6581,65505
5.6638,65496
5.6695,65497
5.6752,65497
5.6809,65498
5.6866,65502
5.6924,65495
5.6981,65495
5.7038,65503
5.7095,65505
5.7152,65489
5.7209,65505
5.7266,65504
5.7323,65502
5.738,65505
5.7437,65499
5.7494,65502
5.7551,65506
5.7608,65495
5.7665,65508
5.7723,65507
5.778,65502
5.7837,65505
5.7894,65501
5.7951,65507
5.8008,65505
5.8065,65500
5.8122,65501
5.8179,65504
5.8236,65504
5.8293,65502
5.835,65501
5.8407,65503
5.8465,65504
5.8522,65503
5.8579,65506
5.8636,65499
5.8693,65501
5.875,65499
5.8807,65493
5.8864,65498
5.8921,65500
5.8978,65507
5.9036,65502
5.9093,65506
5.915,65502
5.9207,65502
5.9264,65491
5.9321,65504
5.9378,65497
5.9435,65502
5.9493,65506
5.955,65505
5.9607,65500
5.9664,65503
5.9721,65496
5.9778,65505
5.9835,65503
5.9892,65504
5.9949,65504
6.0006,65503
6.0063,65497
6.0121,65502
6.0178,65496
6.0235,65503
6.0292,65499
6.0349,65500
6.0406,65500
6.0463,65500
6.052,65504
6.0577,65501
6.0634,65494
6.0691,65500
6.0748,65504
6.0805,65501
6.0863,65506
6.092,65507
6.0977,65504
6.1034,65501
6.1091,65496
6.1148,65503
6.1205,65507
6.1262,65505
6.1319,65502
6.1376,65507
6.1433,65503
6.149,65506
6.1548,65500
6.1605,65506
6.1662,65506
6.1719,65506
6.1776,65508
6.1833,65506
6.189,65504
6.1947,65507
6.2004,65502
6.2061,65505
6.2118,65506
6.2176,65508
6.2233,65502
6.229,65502
6.2347,65503
6.2404,65504
6.2461,65495
6.2518,65504
6.2575,65502
6.2632,65503
6.2689,65495
6.2747,65502
6.2804,65507
6.2861,65499
6.2918,65496
6.2975,65505
6.3032,65499
6.3089,65499
6.3146,65502
6.3203,65505
6.326,65504
6.3317,65499
6.3374,65490
6.3431,65506
6.3489,65499
6.3546,65502
6.3603,65501
6.366,65507
6.3717,65500
6.3774,65499
6.3831,65489
6.3888,65489
6.3945,65503
6.4002,65505
6.4059,65504
6.4116,65501
6.4174,65498
6.4231,65503
6.4288,65491
6.4345,65505
6.4402,65503
6.4459,65508
6.4516,65504
6.4573,65503
6.463,65504
6.4687,65509
6.4744,65494
6.4802,65490
6.4859,65503
6.4916,65505
6.4973,65504
6.503,65492
6.5087,65502
6.5144,65500
6.5201,65503
6.5258,65508
6.5315,65501
6.5372,65492
6.5429,65503
6.5486,65506
6.5544,65507
6.5601,65507
6.5658,65501
6.5715,65504
6.5772,65502
6.5829,65503
6.5886,65503
6.5943,65503
6.6,65508
6.6057,65499
6.6114,65484
6.6171,65497
6.6229,65506
6.6286,65507
6.6343,65503
6.64,65506
6.6457,65507
6.6514,65506
6.6571,65501
6.6628,65500
6.6685,65502
6.6742,65507
6.6799,65509
6.6856,65497
6.6914,65493
6.6971,65504
6.7028,65500
6.7085,65496
6.7142,65505
6.7199,65500
6.7256,65507
6.7313,65493
6.737,65500
6.7428,65504
6.7485,65494
6.7542,65501
6.7599,65504
6.7656,65497
6.7713,65502
6.777,65502
6.7827,65502
6.7884,65500
6.7941,65501
6.7998,65504
6.8056,65506
6.8113,65501
6.817,65506
6.8227,65504
6.8284,65504
6.8341,65501
6.8398,65495
6.8455,65504
6.8512,65496
6.8569,65504
6.8627,65500
6.8684,65501
6.8741,65498
6.8798,65505
6.8855,65499
6.8912,65503
6.8969,65496
6.9026,65497
6.9083,65502
6.914,65503
6.9197,65501
6.9254,65506
6.9311,65499
6.9368,65500
6.9426,65502
6.9483,65499
6.954,65500
6.9597,65505
6.9654,65501
6.9711,65499
6.9768,65497
6.9825,65501
6.9882,65502
6.9939,65501
6.9996,65504
7.0053,65502
7.0111,65500
7.0168,65499
7.0225,65491
7.0282,65497
7.0339,65497
7.0396,65505
7.0453,65500
7.051,65503
7.0567,65502
7.0624,65502
7.0682,65489
7.0739,65504
7.0796,65504
7.0853,65503
7.091,65503
7.0967,65503
7.1024,65501
7.1082,65494
7.1139,65499
7.1196,65503
7.1253,65509
7.131,65504
7.1367,65504
7.1424,65501
7.1481,65501
7.1538,65502
7.1595,65494
7.1652,65502
7.1709,65500
7.1767,65497
7.1824,65506
7.1881,65502
7.1938,65503
7.1995,65500
7.2052,65497
7.2109,65504
7.2166,65502
7.2223,65503
7.228,65504
7.2337,65507
7.2394,65501
7.2452,65506
7.2509,65492
7.2566,65506
7.2623,65500
7.268,65497
7.2737,65501
7.2794,65501
7.2851,65494
7.2908,65498
7.2965,65496
7.3022,65501
7.3079,65498
7.3137,65504
7.3194,65500
7.3251,65491
7.3308,65497
7.3365,65504
7.3422,65498
7.3479,65497
7.3536,65500
7.3593,65496
7.365,65499
7.3707,65502
7.3765,65504
7.3822,65495
7.3879,65493
7.3936,65498
7.3993,65503
7.405,65506
7.4107,65504
7.4164,65498
7.4221,65503
7.4278,65505
7.4335,65497
7.4392,65500
7.445,65501
7.4507,65496
7.4564,65502
7.4621,65501
7.4678,65501
7.4735,65505
7.4792,65497
7.4849,65505
7.4906,65501
7.4963,65504
7.502,65501
7.5077,65502
7.5134,65503
7.5192,65500
7.5249,65498
7.5306,65503
7.5363,65502
7.542,65502
7.5477,65505
7.5534,65506
7.5591,65497
7.5648,65501
7.5705,65495
7.5762,65498
7.5819,65503
7.5876,65500
7.5933,65502
7.5991,65496
7.6048,65497
7.6105,65504
7.6162,65498
7.6219,65498
7.6276,65503
7.6333,65504
7.639,65504
7.6447,65489
7.6504,65495
7.6561,65499
7.6618,65492
7.6675,65503
7.6733,65496
7.679,65501
7.6847,65501
7.6904,65503
7.6961,65497
7.7018,65498
7.7075,65487
7.7132,65495
7.7189,65485
7.7246,65492
7.7304,65500
7.7361,65500
7.7418,65501
7.7475,65488
7.7532,65492
7.7589,65492
7.7646,65504
7.7703,65500
7.776,65499
7.7817,65492
7.7874,65501
7.7931,65496
7.7989,65494
7.8046,65499
7.8103,65488
7.816,65494
7.8217,65500
7.8274,65504
7.8331,65500
7.8388,65502
7.8445,65488
7.8503,65496
7.856,65497
7.8617,65499
7.8674,65497
7.8731,65493
7.8788,65498
7.8845,65501
7.8902,65495
7.8959,65498
7.9016,65501
7.9073,65502
7.913,65501
7.9187,65505
7.9245,65503
7.9302,65496
7.9359,65492
7.9416,65503
7.9473,65502
7.953,65496
7.9587,65495
7.9644,65501
7.9701,65496
7.9758,65501
7.9815,65492
7.9873,65500
7.993,65501
7.9987,65505
8.0044,65500
8.0101,65500
8.0158,65500
8.0215,65502
8.0272,65484
8.0329,65481
8.0386,65501
8.0444,65500
8.0501,65496
8.0558,65490
8.0615,65496
8.0672,65495
8.0729,65492
8.0786,65500
8.0843,65503
8.09,65500
8.0957,65500
8.1014,65496
8.1071,65504
8.1129,65497
8.1186,65492
8.1243,65502
8.13,65484
8.1357,65502
8.1414,65502
8.1471,65498
8.1528,65502
8.1585,65502
8.1642,65496
8.1699,65503
8.1757,65497
8.1814,65502
8.1871,65498
8.1928,65491
8.1985,65497
8.2042,65501
8.2099,65492
8.2156,65499
8.2213,65505
8.227,65501
8.2328,65501
8.2385,65499
8.2442,65502
8.2499,65501
8.2556,65502
8.2613,65497
8.267,65500
8.2727,65484
8.2784,65499
8.2841,65503
8.2898,65501
8.2955,65504
8.3012,65482
8.3069,65495
8.3127,65504
8.3184,65500
8.3241,65499
8.3298,65502
8.3355,65500
8.3412,65503
8.3469,65496
8.3526,65499
8.3583,65501
8.364,65502
8.3697,65497
8.3754,65487
8.3812,65504
8.3869,65505
8.3926,65497
8.3983,65492
8.404,65498
8.4097,65501
8.4154,65499
8.4211,65496
8.4268,65497
8.4325,65496
8.4382,65493
8.4439,65494
8.4496,65500
8.4554,65497
8.4611,65500
8.4668,65486
8.4725,65494
8.4782,65496
8.4839,65485
8.4896,65494
8.4953,65499
8.501,65490
8.5067,65496
8.5124,65497
8.5181,65501
8.5239,65500
8.5296,65488
8.5353,65499
8.541,65498
8.5467,65501
8.5524,65502
8.5581,65499
8.5638,65501
8.5695,65500
8.5752,65487
8.5809,65502
8.5866,65499
8.5924,65500
8.5981,65503
8.6038,65496
8.6095,65502
8.6152,65502
8.6209,65488
8.6266,65493
8.6323,65504
8.638,65501
8.6437,65499
8.6494,65499
8.6551,65491
8.6609,65504
8.6666,65494
8.6723,65503
8.678,65495
8.6837,65502
8.6894,65499
8.6951,65500
8.7008,65502
8.7065,65502
8.7122,65489
8.7179,65499
8.7236,65489
8.7293,65503
8.7351,65496
8.7408,65502
8.7465,65499
8.7522,65497
8.7579,65494
8.7636,65501
8.7693,65496
8.775,65494
8.7807,65488
8.7864,65498
8.7921,65503
8.7978,65495
8.8036,65488
8.8093,65500
8.815,65496
8.8207,65501
8.8264,65502
8.8321,65502
8.8378,65495
8.8435,65503
8.8492,65489
8.8549,65500
8.8606,65505
8.8663,65509
8.872,65501
8.8778,65497
8.8835,65499
8.8892,65501
8.8949,65487
8.9006,65501
8.9063,65500
8.912,65506
8.9177,65500
8.9234,65492
8.9291,65488
8.9348,65501
8.9405,65492
8.9463,65498
8.952,65501
8.9577,65493
8.9634,65495
8.9691,65500
8.9748,65505
8.9805,65499
8.9862,65499
8.9919,65502
8.9976,65503
9.0033,65492
9.009,65497
9.0147,65496
9.0205,65497
9.0262,65498
9.0319,65486
9.0376,65500
9.0433,65500
9.049,65498
9.0547,65496
9.0604,65498
9.0661,65494
9.0718,65505
9.0776,65492
9.0833,65495
9.089,65500
9.0947,65499
9.1004,65502
9.1061,65503
9.1118,65498
9.1175,65494
9.1232,65487
9.1289,65500
9.1346,65498
9.1403,65498
9.146,65503
9.1518,65501
9.1575,65487
9.1632,65498
9.1689,65491
9.1746,65502
9.1803,65500
9.186,65497
9.1917,65494
9.1974,65500
9.2031,65495
9.2088,65499
9.2145,65489
9.2203,65493
9.226,65500
9.2317,65500
9.2374,65499
9.2431,65504
9.2488,65495
9.2545,65495
9.2602,65489
9.2659,65502
9.2716,65495
9.2774,65500
9.2831,65498
9.2888,65497
9.2945,65482
9.3002,65501
9.3059,65482
9.3116,65502
9.3173,65491
9.323,65498
9.3287,65484
9.3344,65496
9.3401,65499
9.3459,65499
9.3516,65488
9.3573,65497
9.363,65496
9.3687,65495
9.3744,65500
9.3801,65497
9.3858,65499
9.3915,65506
9.3972,65490
9.4029,65492
9.4087,65499
9.4144,65500
9.4201,65502
9.4258,65500
9.4315,65496
9.4372,65500
9.4429,65488
9.4486,65489
9.4543,65501
9.4601,65498
9.4658,65498
9.4715,65495
9.4772,65490
9.4829,65495
9.4886,65496
9.4943,65497
9.5,65502
9.5057,65502
9.5114,65495
9.5171,65483
9.5229,65498
9.5286,65499
9.5343,65482
9.54,65497
9.5457,65498
9.5514,65489
9.5571,65499
9.5628,65496
9.5685,65494
9.5742,65497
9.5799,65478
9.5857,65498
9.5914,65493
9.5971,65496
9.6028,65499
9.6085,65499
9.6142,65496
9.6199,65491
9.6256,65487
9.6313,65499
9.6371,65498
9.6428,65490
9.6485,65496
9.6542,65500
9.6599,65498
9.6656,65494
9.6713,65485
9.677,65491
9.6827,65495
9.6884,65495
9.6941,65494
9.6998,65499
9.7055,65488
9.7112,65493
9.7169,65491
9.7227,65502
9.7284,65493
9.7341,65500
9.7398,65492
9.7455,65487
9.7512,65491
9.7569,65496
9.7626,65493
9.7683,65486
9.774,65492
9.7797,65503
9.7854,65502
9.7911,65497
9.7969,65492
9.8026,65502
9.8083,65493
9.814,65502
9.8197,65496
9.8254,65490
9.8311,65494
9.8368,65503
9.8426,65497
9.8483,65496
9.854,65479
9.8597,65501
9.8654,65497
9.8711,65498
9.8768,65491
9.8825,65496
9.8882,65499
9.8939,65496
9.8996,65488
9.9053,65493
9.9111,65496
9.9168,65489
9.9225,65494
9.9282,65502
9.9339,65498
9.9396,65495
9.9453,65485
9.951,65495
9.9567,65478
9.9624,65496
9.9681,65492
9.9738,65498
9.9796,65495
9.9853,65497
9.991,65490
9.9967,65492
10.0024,65486
10.0081,65503
10.0138,65485
10.0195,65492
10.0252,65494
10.0309,65487
10.0366,65495
10.0424,65500
10.0481,65495
10.0538,65498
10.0595,65495
10.0652,65498
10.0709,65492
10.0766,65482
10.0823,65494
10.088,65487
10.0937,65495
10.0994,65496
10.1051,65494
10.1108,65485
10.1166,65485
10.1223,65493
10.128,65486
10.1337,65501
10.1394,65495
10.1451,65497
10.1508,65496
10.1565,65491
10.1622,65492
10.1679,65497
10.1737,65495
10.1794,65501
10.1851,65495
10.1908,65497
10.1965,65498
10.2022,65493
10.2079,65501
10.2136,65491
10.2193,65494
10.2251,65496
10.2308,65502
10.2365,65502
10.2422,65495
10.2479,65502
10.2536,65495
10.2593,65494
10.265,65490
10.2707,65501
10.2764,65496
10.2821,65497
10.2878,65499
10.2936,65496
10.2993,65496
10.305,65493
10.3107,65487
10.3164,65499
10.3221,65497
10.3278,65493
10.3335,65497
10.3392,65501
10.3449,65496
10.3506,65495
10.3564,65495
10.3621,65497
10.3678,65495
10.3735,65499
10.3792,65496
10.3849,65496
10.3906,65498
10.3963,65496
10.402,65491
10.4077,65500
10.4134,65495
10.4192,65498
10.4249,65498
10.4306,65498
10.4363,65490
10.442,65502
10.4477,65492
10.4534,65496
10.4591,65494
10.4648,65501
10.4705,65492
10.4762,65496
10.482,65504
10.4877,65491
10.4934,65486
10.4991,65490
10.5048,65502
10.5105,65500
10.5162,65497
10.5219,65493
10.5276,65496
10.5333,65503
10.539,65486
10.5447,65498
10.5504,65498
10.5562,65504
10.5619,65493
10.5676,65494
10.5733,65495
10.579,65491
10.5847,65494
10.5904,65499
10.5961,65497
10.6018,65497
10.6075,65496
10.6132,65492
10.6189,65495
10.6246,65495
10.6304,65488
10.6361,65497
10.6418,65499
10.6475,65495
10.6532,65484
10.6589,65496
10.6646,65498
10.6703,65493
10.676,65492
10.6817,65500
10.6874,65493
10.6932,65501
10.6989,65497
10.7046,65495
10.7103,65492
10.716,65495
10.7217,65486
10.7274,65489
10.7331,65497
10.7388,65490
10.7445,65492
10.7503,65500
10.756,65495
10.7617,65495
10.7674,65489
10.7731,65498
10.7788,65494
10.7845,65499
10.7902,65494
10.7959,65498
10.8016,65499
10.8073,65495
10.813,65485
10.8188,65501
10.8245,65496
10.8302,65495
10.8359,65497
10.8416,65495
10.8473,65493
10.853,65498
10.8587,65493
10.8644,65500
10.8701,65493
10.8758,65497
10.8815,65505
10.8873,65498
10.893,65500
10.8987,65490
10.9044,65491
10.9101,65498
10.9158,65500
10.9215,65499
10.9272,65501
10.9329,65501
10.9386,65504
10.9443,65494
10.95,65497
10.9557,65502
10.9615,65499
10.9672,65489
10.9729,65494
10.9786,65489
10.9843,65499
10.99,65492
10.9957,65485
11.0014,65489
11.0071,65501
11.0128,65501
11.0185,65499
11.0242,65475
11.03,65495
11.0357,65494
11.0414,65494
11.0471,65502
11.0528,65494
11.0585,65502
11.0642,65500
11.0699,65489
11.0756,65499
11.0813,65495
11.087,65493
11.0928,65499
11.0985,65498
11.1042,65493
11.1099,65491
11.1156,65496
11.1213,65495
11.127,65491
11.1327,65487
11.1384,65495
11.1441,65496
11.1498,65500
11.1555,65498
11.1613,65497
11.167,65493
11.1727,65488
11.1784,65477
11.1841,65503
11.1898,65504
11.1955,65498
11.2012,65499
11.2069,65498
11.2126,65499
11.2183,65498
11.224,65491
11.2298,65494
11.2355,65506
11.2412,65500
11.2469,65497
11.2526,65499
11.2583,65497
11.264,65482
11.2697,65494
11.2754,65497
11.2811,65492
11.2868,65495
11.2925,65498
11.2982,65500
11.3039,65496
11.3097,65504
11.3154,65493
11.3211,65499
11.3268,65493
11.3325,65484
11.3382,65492
11.3439,65497
11.3496,65501
11.3553,65501
11.361,65484
11.3667,65486
11.3725,65503
11.3782,65496
11.3839,65500
11.3896,65500
11.3953,65486
11.401,65497
11.4067,65494
11.4124,65497
11.4181,65502
11.4238,65503
11.4295,65498
11.4352,65498
11.4409,65484
11.4467,65500
11.4524,65495
11.4581,65498
11.4638,65499
11.4695,65498
11.4752,65500
11.4809,65500
11.4866,65503
11.4923,65499
11.498,65493
11.5037,65503
11.5094,65491
11.5151,65499
11.5208,65497
11.5266,65498
11.5323,65497
11.538,65501
11.5437,65490
11.5494,65494
11.5551,65500
11.5608,65486
11.5665,65491
11.5722,65499
11.5779,65498
11.5837,65497
11.5894,65492
11.5951,65485
11.6008,65494
11.6065,65495
11.6122,65499
11.6179,65492
11.6236,65498
11.6293,65497
11.635,65494
11.6407,65501
11.6464,65492
11.6522,65498
11.6579,65485
11.6636,65501
11.6693,65496
11.675,65501
11.6807,65490
11.6864,65498
11.6921,65499
11.6978,65501
11.7035,65493
11.7092,65496
11.7149,65497
11.7207,65495
11.7264,65488
11.7321,65494
11.7378,65493
11.7435,65498
11.7492,65497
11.7549,65499
11.7606,65497
11.7663,65486
11.772,65489
11.7777,65497
11.7834,65499
11.7892,65498
11.7949,65494
11.8006,65495
11.8063,65497
11.812,65486
11.8177,65485
11.8234,65496
11.8291,65495
11.8348,65479
11.8405,65500
11.8462,65499
11.8519,65497
11.8577,65504
11.8634,65492
11.8691,65495
11.8748,65501
11.8805,65494
11.8862,65485
11.8919,65492
11.8976,65498
11.9033,65499
11.909,65489
11.9147,65495
11.9205,65496
11.9262,65492
11.9319,65494
11.9376,65496
11.9433,65499
11.949,65495
11.9547,65495
11.9604,65498
11.9661,65472
11.9718,65491
11.9775,65497
11.9833,65492
11.989,65496
11.9947,65499
12.0004,65489
12.0061,65499
12.0118,65494
12.0175,65481
12.0232,65491
12.0289,65496
12.0346,65496
12.0403,65479
12.046,65478
12.0517,65490
12.0575,65496
12.0632,65491
12.0689,65482
12.0746,65491
12.0803,65487
12.086,65476
12.0917,65487
12.0974,65495
12.1031,65496
12.1088,65492
12.1145,65491
12.1202,65496
12.1259,65498
12.1316,65494
12.1374,65495
12.1431,65494
12.1488,65480
12.1545,65494
12.1602,65493
12.1659,65497
12.1716,65495
12.1773,65494
12.183,65493
12.1887,65494
12.1944,65495
12.2001,65487
12.2058,65487
12.2116,65498
12.2173,65499
12.223,65500
12.2287,65491
12.2344,65499
12.2401,65501
12.2458,65492
12.2515,65496
12.2572,65487
12.2629,65497
12.2686,65483
12.2744,65490
12.2801,65497
12.2858,65496
12.2915,65496
12.2972,65502
12.3029,65502
12.3086,65498
12.3143,65497
12.32,65486
12.3257,65496
12.3314,65495
12.3371,65496
12.3428,65501
12.3486,65497
12.3543,65498
12.36,65494
12.3657,65494
12.3714,65499
12.3771,65493
12.3828,65477
12.3885,65485
12.3942,65492
12.3999,65494
12.4056,65498
12.4113,65484
12.4171,65497
12.4228,65493
12.4285,65477
12.4342,65493
12.4399,65502
12.4456,65497
12.4513,65495
12.457,65492
12.4627,65496
12.4684,65496
12.4741,65499
12.4798,65494
12.4856,65499
12.4913,65498
12.497,65495
12.5027,65488
12.5084,65495
12.5141,65494
12.5198,65497
12.5255,65495
12.5312,65495
12.5369,65494
12.5426,65489
12.5483,65491
12.5541,65493
12.5598,65494
12.5655,65493
12.5712,65487
12.5769,65498
12.5826,65496
12.5883,65477
12.594,65482
12.5997,65494
12.6054,65492
12.6112,65488
12.6169,65496
12.6226,65497
12.6283,65498
12.634,65487
12.6397,65479
12.6454,65490
12.6511,65495
12.6568,65493
12.6625,65491
12.6682,65496
12.674,65494
12.6797,65492
12.6854,65491
12.6911,65496
12.6968,65491
12.7025,65488
12.7082,65488
12.7139,65498
12.7196,65498
12.7253,65494
12.731,65481
12.7367,65496
12.7425,65497
12.7482,65491
12.7539,65491
12.7596,65499
12.7653,65495
12.771,65495
12.7767,65478
12.7824,65487
12.7881,65496
12.7938,65497
12.7996,65494
12.8053,65493
12.811,65494
12.8167,65495
12.8224,65484
12.8281,65496
12.8338,65495
12.8395,65501
12.8452,65502
12.8509,65494
12.8566,65497
12.8623,65492
12.8681,65496
12.8738,65495
12.8795,65495
12.8852,65498
12.8909,65488
12.8966,65496
12.9023,65494
12.908,65491
12.9137,65476
12.9194,65478
12.9252,65496
12.9309,65496
12.9366,65497
12.9423,65497
12.948,65492
12.9537,65492
12.9594,65482
12.9651,65496
12.9708,65498
12.9765,65498
12.9822,65500
12.9879,65492
12.9936,65498
12.9993,65488
13.0051,65481
13.0108,65486
13.0165,65482
13.0222,65500
13.0279,65495
13.0336,65495
13.0393,65492
13.045,65491
13.0507,65490
13.0565,65496
13.0622,65487
13.0679,65493
13.0736,65492
13.0793,65499
13.085,65499
13.0907,65499
13.0964,65486
13.1021,65499
13.1078,65496
13.1136,65486
13.1193,65492
13.125,65470
13.1307,65492
13.1364,65497
13.1421,65489
13.1478,65497
13.1535,65497
13.1592,65498
13.1649,65497
13.1706,65485
13.1763,65490
13.1821,65488
13.1878,65487
13.1935,65493
13.1992,65500
13.2049,65495
13.2106,65493
13.2163,65486
13.222,65488
13.2277,65487
13.2334,65494
13.2391,65497
13.2448,65497
13.2505,65493
13.2563,65496
13.262,65496
13.2677,65497
13.2734,65497
13.2791,65491
13.2848,65491
13.2905,65495
13.2962,65493
13.3019,65491
13.3076,65494
13.3133,65499
13.319,65494
13.3248,65492
13.3305,65501
13.3362,65493
13.3419,65498
13.3476,65493
13.3533,65496
13.359,65493
13.3647,65499
13.3704,65489
13.3761,65495
13.3818,65492
13.3875,65496
13.3932,65490
13.3989,65484
13.4047,65496
13.4104,65492
13.4161,65485
13.4218,65485
13.4275,65491
13.4332,65497
13.4389,65494
13.4446,65496
13.4503,65497
13.456,65493
13.4617,65491
13.4674,65495
13.4731,65483
13.4789,65489
13.4846,65486
13.4903,65493
13.496,65494
13.5017,65494
13.5074,65488
13.5131,65499
13.5188,65495
13.5245,65487
13.5302,65491
13.536,65493
13.5417,65493
13.5474,65496
13.5531,65488
13.5588,65486
13.5645,65494
13.5702,65494
13.5759,65491
13.5816,65495
13.5874,65495
13.5931,65494
13.5988,65489
13.6045,65491
13.6102,65487
13.6159,65498
13.6216,65494
13.6273,65497
13.633,65495
13.6387,65487
13.6444,65480
13.6501,65479
13.6558,65492
13.6615,65492
13.6673,65496
13.673,65502
13.6787,65494
13.6844,65490
13.6901,65477
13.6958,65478
13.7015,65497
13.7072,65491
13.7129,65496
13.7186,65495
13.7243,65498
13.7301,65485
13.7358,65488
13.7415,65500
13.7472,65498
13.7529,65494
13.7586,65482
13.7643,65490
13.77,65492
13.7757,65499
13.7814,65477
13.7871,65487
13.7929,65494
13.7986,65492
13.8043,65492
13.81,65498
13.8157,65496
13.8214,65498
13.8271,65486
13.8328,65479
13.8385,65505
13.8442,65496
13.8499,65484
13.8556,65495
13.8614,65500
13.8671,65492
13.8728,65480
13.8785,65488
13.8842,65495
13.8899,65490
13.8956,65500
13.9013,65493
13.907,65482
13.9127,65494
13.9184,65485
13.9242,65497
13.9299,65496
13.9356,65495
13.9413,65490
13.947,65498
13.9527,65493
13.9584,65494
13.9641,65488
13.9698,65495
13.9755,65497
13.9812,65495
13.9869,65492
13.9927,65497
13.9984,65497
14.0041,65494
14.0098,65488
14.0155,65497
14.0212,65492
14.0269,65493
14.0326,65493
14.0383,65498
14.044,65493
14.0497,65501
14.0554,65488
14.0612,65481
14.0669,65498
14.0726,65496
14.0783,65488
14.084,65496
14.0897,65491
14.0954,65476
14.1011,65480
14.1068,65487
14.1125,65495
14.1182,65497
14.1239,65492
14.1296,65495
14.1354,65499
14.1411,65483
14.1468,65488
14.1525,65496
14.1582,65495
14.1639,65499
14.1696,65495
14.1753,65496
14.181,65498
14.1867,65495
14.1924,65489
14.1981,65494
14.2038,65496
14.2096,65495
14.2153,65496
14.221,65489
14.2267,65495
14.2324,65484
14.2381,65481
14.2438,65497
14.2495,65494
14.2552,65494
14.2609,65497
14.2666,65497
14.2723,65493
14.278,65493
14.2838,65484
14.2895,65498
14.2952,65493
14.3009,65492
14.3066,65492
14.3123,65491
14.318,65492
14.3237,65495
14.3294,65485
14.3351,65492
14.3408,65494
14.3465,65489
14.3523,65491
14.358,65488
14.3637,65495
14.3694,65491
14.3751,65480
14.3808,65495
14.3865,65498
14.3922,65487
14.3979,65489
14.4036,65490
14.4093,65487
14.415,65489
14.4208,65465
14.4265,65471
14.4322,65489
14.4379,65495
14.4436,65479
14.4493,65489
14.455,65487
14.4607,65491
14.4664,65477
14.4721,65489
14.4778,65488
14.4835,65490
14.4893,65492
14.495,65485
14.5007,65493
14.5064,65488
14.5121,65473
14.5178,65484
14.5235,65482
14.5292,65496
14.5349,65492
14.5406,65481
14.5464,65484
14.5521,65487
14.5578,65484
14.5635,65477
14.5692,65489
14.5749,65488
14.5806,65487
14.5863,65468
14.592,65484
14.5977,65483
14.6034,65472
14.6092,65467
14.6149,65474
14.6206,65478
14.6263,65476
14.632,65481
14.6377,65467
14.6434,65472
14.6491,65462
14.6548,65463
14.6605,65474
14.6662,65462
14.6719,65476
14.6777,65466
14.6834,65465
14.6891,65467
14.6948,65436
14.7005,65453
14.7062,65460
14.7119,65452
14.7176,65446
14.7233,65444
14.729,65442
14.7347,65432
14.7404,65426
14.7461,65438
14.7519,65429
14.7576,65424
14.7633,65422
14.769,65424
14.7747,65416
14.7804,65414
14.7861,65403
14.7918,65408
14.7975,65408
14.8032,65405
14.8089,65395
14.8146,65389
14.8204,65391
14.8261,65387
14.8318,65380
14.8375,65384
14.8432,65383
14.8489,65378
14.8546,65377
14.8603,65368
14.866,65371
14.8717,65359
14.8774,65351
14.8831,65362
14.8888,65346
14.8945,65340
14.9002,65354
14.906,65336
14.9117,65341
14.9174,65340
14.9231,65325
14.9288,65330
14.9345,65331
14.9402,65332
14.9459,65327
14.9516,65325
14.9573,65321
14.963,65315
14.9688,65304
14.9745,65313
14.9802,65296
14.9859,65306
14.9916,65298
14.9973,65288
15.003,65292
15.0087,65289
15.0144,65275
15.0202,65281
15.0259,65284
15.0316,65278
15.0373,65273
15.043,65282
15.0487,65276
15.0544,65264
15.0601,65267
15.0658,65264
15.0715,65260
15.0773,65249
15.083,65249
15.0887,65246
15.0944,65245
15.1001,65239
15.1058,65235
15.1115,65235
15.1172,65230
15.1229,65227
15.1286,65217
15.1343,65212
15.14,65200
15.1458,65199
15.1515,65191
15.1572,65182
15.1629,65159
15.1686,65143
15.1743,65116
15.18,65058
15.1857,65004
15.1914,64940
15.1971,64895
15.2028,64847
15.2086,64795
15.2143,64765
15.22,64745
15.2257,64706
15.2314,64681
15.2371,64646
15.2428,64633
15.2485,64603
15.2542,64578
15.2599,64567
15.2656,64557
15.2714,64536
15.2771,64512
15.2828,64461
15.2885,64430
15.2942,64393
15.2999,64363
15.3056,64343
15.3113,64335
15.317,64330
15.3227,64347
15.3284,64371
15.3341,64386
15.3398,64426
15.3456,64488
15.3513,64528
15.357,64581
15.3627,64637
15.3684,64670
15.3741,64707
15.3798,64722
15.3855,64731
15.3912,64732
15.3969,64726
15.4026,64718
15.4083,64694
15.4141,64675
15.4198,64640
15.4255,64621
15.4312,64597
15.4369,64565
15.4426,64546
15.4483,64529
15.454,64474
15.4597,64409
15.4654,64306
15.4711,64225
15.4768,64136
15.4825,63964
15.4883,63842
15.494,63713
15.4997,63511
15.5054,63373
15.5111,63148
15.5168,63001
15.5225,62860
15.5282,62656
15.5339,62560
15.5396,62473
15.5453,62361
15.551,62305
15.5568,62242
15.5625,62223
15.5682,62178
15.5739,62114
15.5796,62096
15.5853,62063
15.591,62007
15.5967,61981
15.6024,61908
15.6081,61863
15.6138,61800
15.6196,61712
15.6253,61639
15.631,61580
15.6367,61473
15.6424,61418
15.6481,61338
15.6538,61274
15.6595,61214
15.6652,61150
15.6709,61096
15.6766,61074
15.6823,61047
15.688,61027
15.6937,61000
15.6994,60976
15.7052,60980
15.7109,60978
15.7166,60959
15.7223,60942
15.728,60926
15.7337,60897
15.7394,60819
15.7451,60811
15.7508,60797
15.7565,60786
15.7622,60768
15.7679,60730
15.7736,60711
15.7794,60656
15.7851,60676
15.7908,60614
15.7965,60630
15.8022,60599
15.8079,60586
15.8136,60561
15.8193,60559
15.825,60547
15.8307,60544
15.8364,60515
15.8422,60497
15.8479,60483
15.8536,60487
15.8593,60472
15.865,60471
15.8707,60451
15.8764,60414
15.8821,60427
15.8878,60399
15.8935,60423
15.8992,60404
15.9049,60358
15.9106,60348
15.9164,60309
15.9221,60327
15.9278,60293
15.9335,60298
15.9392,60281
15.9449,60268
15.9506,60255
15.9563,60205
15.962,60204
15.9677,60180
15.9734,60184
15.9792,60172
15.9849,60148
15.9906,60138
15.9963,60146
16.002,60114
16.0077,60100
16.0134,60083
16.0191,60067
16.0248,60059
16.0305,60054
16.0362,60027
16.0419,60032
16.0477,60050
16.0534,60029
16.0591,60022
16.0648,59997
16.0705,59981
16.0762,59968
16.0819,59994
16.0876,59973
16.0933,59956
16.099,59954
16.1047,59924
16.1104,59924
16.1161,59903
16.1219,59900
16.1276,59900
16.1333,59900
16.139,59894
16.1447,59880
16.1504,59885
16.1561,59952
16.1618,58269
16.1675,58217
16.1732,58209
16.1789,58254
16.1847,58244
16.1904,58222
16.1961,58362
16.2018,58370
16.2075,58298
16.2132,58227
16.2189,57847
16.2246,54448
16.2303,58199
16.2361,58241
16.2418,58277
16.2475,58229
16.2532,58222
16.2589,58239
16.2646,58292
16.2703,58314
16.276,58345
16.2817,58302
16.2874,59328
16.2932,62559
16.2989,59881
16.3046,57089
16.3103,58259
16.316,58293
16.3217,58283
16.3274,58272
16.3331,58302
16.3388,58256
16.3445,58206
16.3502,58206
16.356,58215
16.3617,58188
16.3674,58236
16.3731,58191
16.3788,58238
16.3845,58214
16.3902,58241
16.3959,56748
16.4016,58230
16.4073,58273
16.413,58519
16.4187,58719
16.4244,58414
16.4302,58307
16.4359,58726
16.4416,58754
16.4473,58532
16.453,58598
16.4587,58662
16.4644,56861
16.4701,58491
16.4758,55224
16.4816,58353
16.4873,58249
16.493,58549
16.4987,58216
16.5044,58782
16.5101,58745
16.5158,58648
16.5215,58814
16.5272,58219
16.5329,58165
16.5386,58168
16.5443,58174
16.5501,58139
16.5558,58124
16.5615,58142
16.5672,58230
16.5729,58269
16.5786,58182
16.5843,58165
16.59,58137
16.5957,58106
16.6014,58076
16.6072,58049
16.6129,58064
16.6186,58068
16.6243,58080
16.63,58120
16.6357,58108
16.6414,58126
16.6471,58118
16.6528,58094
16.6585,58187
16.6642,58232
16.6699,58173
16.6757,58196
16.6814,58175
16.6871,58100
16.6928,58129
16.6985,58177
16.7042,58129
16.7099,58148
16.7156,58169
16.7213,58219
16.727,58265
16.7328,58193
16.7385,58179
16.7442,58103
16.7499,58229
16.7556,58249
16.7613,58153
16.767,58086
16.7727,58048
16.7784,58069
16.7841,58081
16.7898,58052
16.7955,58046
16.8013,58069
16.807,58328
16.8127,58068
16.8184,58080
16.8241,58288
16.8298,58306
16.8355,58043
16.8412,58198
16.8469,58244
16.8526,54760
16.8583,58311
16.864,58436
16.8698,58270
16.8755,58327
16.8812,58458
16.8869,58723
16.8926,58590
16.8983,58504
16.904,58592
16.9097,58056
16.9154,58420
16.9211,58664
16.9268,58888
16.9325,58744
16.9383,55672
16.944,58703
16.9497,58714
16.9554,58724
16.9611,58654
16.9668,58659
