0.0004,63606
0.003,63649
0.0061,63598
0.0119,64751
0.0177,63666
0.0235,63614
0.0292,63630
0.035,63613
0.0407,63606
0.0464,63609
0.0521,63595
0.0578,63598
0.0635,63612
0.0692,63610
0.0749,63598
0.0806,63591
0.0864,63603
0.0921,63605
0.0978,63590
0.1035,63585
0.1092,63580
0.1149,63578
0.1206,63647
0.1263,63811
0.132,63860
0.1377,63776
0.1434,63614
0.1491,63702
0.1549,63707
0.1606,63718
0.1663,63668
0.172,63605
0.1777,63662
0.1834,63721
0.1891,63632
0.1948,63639
0.2005,63643
0.2062,63623
0.2119,63626
0.2176,63634
0.2233,63642
0.2291,63632
0.2348,63738
0.2405,63746
0.2462,63708
0.2519,63659
0.2576,63728
0.2633,63753
0.269,63683
0.2747,63742
0.2804,63745
0.2861,63646
0.2918,63653
0.2976,63651
0.3033,63650
0.309,63667
0.3147,63719
0.3204,63741
0.3261,63682
0.3318,63723
0.3375,63828
0.3432,63752
0.3489,63746
0.3546,63790
0.3604,63786
0.3661,63746
0.3718,63676
0.3775,63769
0.3832,63816
0.3889,62675
0.3946,63700
0.4003,63666
0.406,63738
0.4117,63718
0.4174,63752
0.4232,63726
0.4289,63727
0.4346,63706
0.4403,63706
0.446,63716
0.4517,63710
0.4574,63703
0.4631,63714
0.4688,63715
0.4745,63805
0.4802,63711
0.4859,63715
0.4917,63700
0.4974,63707
0.5031,63735
0.5088,63755
0.5145,63720
0.5202,63726
0.5259,63748
0.5316,63754
0.5373,63752
0.543,63754
0.5487,63760
0.5544,63748
0.5602,63750
0.5659,63768
0.5716,63757
0.5773,63754
0.583,63757
0.5887,63762
0.5944,63750
0.6001,63757
0.6058,63845
0.6115,63782
0.6172,63809
0.6229,63809
0.6287,63845
0.6344,63853
0.6401,63858
0.6458,63859
0.6515,63885
0.6572,63876
0.6629,63732
0.6686,63763
0.6743,63755
0.6801,63773
0.6858,63765
0.6915,63780
0.6972,63782
0.7029,63773
0.7086,63804
0.7143,63775
0.72,63846
0.7257,63843
0.7314,63760
0.7371,63764
0.7429,63770
0.7486,63766
0.7543,63859
0.76,63780
0.7657,63800
0.7714,63793
0.7771,63814
0.7828,63805
0.7885,63800
0.7942,63776
0.7999,63777
0.8057,63782
0.8114,63785
0.8171,63803
0.8228,64002
0.8285,63814
0.8342,63803
0.8399,63804
0.8456,63891
0.8513,63865
0.857,63835
0.8627,63810
0.8684,63802
0.8741,63839
0.8799,63846
0.8856,63821
0.8913,63887
0.897,63835
0.9027,63827
0.9084,63836
0.9141,63830
0.9198,63970
0.9255,63844
0.9312,63846
0.9369,63870
0.9426,63863
0.9483,63874
0.9541,63858
0.9598,63864
0.9655,63839
0.9712,63863
0.9769,63916
0.9826,63967
0.9883,63875
0.994,63941
0.9997,63887
1.0055,63879
1.0112,63877
1.0169,63870
1.0226,63883
1.0283,63878
1.034,64762
1.0397,63883
1.0454,63894
1.0511,63896
1.0568,63901
1.0625,63913
1.0682,63915
1.074,63953
1.0797,63930
1.0854,63951
1.0911,63951
1.0968,63948
1.1025,63958
1.1082,63939
1.1139,63951
1.1196,63960
1.1254,63963
1.1311,63971
1.1368,63960
1.1425,63957
1.1482,63957
1.1539,63967
1.1596,63971
1.1653,63969
1.171,63976
1.1767,63970
1.1824,63967
1.1882,63971
1.1939,63971
1.1996,63977
1.2053,63988
1.211,63991
1.2167,63991
1.2224,63998
1.2281,64001
1.2338,64017
1.2395,64031
1.2452,64033
1.251,64035
1.2567,64033
1.2624,64033
1.2681,64036
1.2738,64047
1.2795,64049
1.2853,64054
1.291,64058
1.2967,64063
1.3024,64082
1.3081,64094
1.3138,64070
1.3195,64079
1.3252,64080
1.3309,64078
1.3366,64087
1.3423,64094
1.348,64092
1.3538,64098
1.3595,64098
1.3652,64108
1.3709,64116
1.3766,64114
1.3823,64115
1.388,64127
1.3937,64123
1.3994,64128
1.4051,64132
1.4108,63177
1.4166,64142
1.4223,64140
1.428,64137
1.4337,64137
1.4394,64159
1.4451,64160
1.4508,64163
1.4565,64172
1.4622,64176
1.468,64170
1.4737,64175
1.4794,64184
1.4851,64196
1.4908,64203
1.4965,64203
1.5022,64204
1.508,64211
1.5137,64266
1.5194,64219
1.5251,64217
1.5308,64224
1.5365,64248
1.5422,64246
1.5479,64266
1.5536,64269
1.5593,64266
1.565,64252
1.5708,64270
1.5765,63713
1.5822,64278
1.5879,64285
1.5936,64267
1.5993,64276
1.605,64278
1.6107,64278
1.6164,64282
1.6221,64287
1.6278,64301
1.6335,64304
1.6392,64313
1.6449,64316
1.6507,64328
1.6564,64330
1.6621,64323
1.6678,64338
1.6735,64341
1.6792,64349
1.6849,64354
1.6906,64357
1.6963,64367
1.702,64373
1.7077,64371
1.7135,64379
1.7192,64383
1.7249,64392
1.7306,64394
1.7363,64397
1.742,64401
1.7477,64408
1.7534,64413
1.7591,64420
1.7648,64419
1.7706,64425
1.7763,64435
1.782,64432
1.7877,64437
1.7934,64435
1.7991,65135
1.8049,65435
1.8106,65434
1.8163,65436
1.822,65447
1.8277,65449
1.8334,65448
1.8391,65440
1.8448,65455
1.8505,65458
1.8563,65460
1.862,65464
1.8677,65472
1.8734,65475
1.8791,65484
1.8848,65473
1.8905,65479
1.8962,65486
1.9019,65488
1.9076,65486
1.9133,65490
1.919,65491
1.9248,65491
1.9305,65484
1.9362,65495
1.9419,65494
1.9476,65496
1.9533,65499
1.959,65501
1.9647,65498
1.9704,65499
1.9761,65491
1.9818,65504
1.9875,65502
1.9933,65508
1.999,65506
2.0047,65500
2.0104,65506
2.0161,65505
2.0218,65501
2.0275,65506
2.0332,65506
2.0389,65507
2.0446,65508
2.0503,65509
2.0561,65508
2.0618,65511
2.0675,65502
2.0732,65504
2.0789,65508
2.0846,65506
2.0903,65508
2.096,65506
2.1017,65508
2.1074,64558
2.1131,64562
2.1188,64561
2.1245,64562
2.1303,64567
2.136,64565
2.1417,64566
2.1474,64563
2.1531,64571
2.1588,64577
2.1645,64566
2.1702,64569
2.1759,64571
2.1816,64572
2.1873,64575
2.193,64576
2.1987,64577
2.2045,65505
2.2102,65507
2.2159,65507
2.2216,65509
2.2273,65509
2.233,65507
2.2387,65507
2.2444,65507
2.2501,65508
2.2558,65506
2.2615,65508
2.2672,65511
2.273,65508
2.2787,65506
2.2844,65507
2.2901,65510
2.2958,65505
2.3015,65506
2.3072,65508
2.3129,65508
2.3186,65507
2.3243,65508
2.33,65509
2.3357,65508
2.3415,65505
2.3472,65506
2.3529,65508
2.3586,65508
2.3643,65509
2.37,65508
2.3757,65508
2.3814,65508
2.3871,65508
2.3928,65509
2.3985,65507
2.4042,65509
2.41,65508
2.4157,65508
2.4214,65507
2.4271,65507
2.4328,65504
2.4385,65510
2.4442,65510
2.4499,65508
2.4556,65509
2.4613,65508
2.4671,65507
2.4728,65509
2.4785,65504
2.4842,65510
2.4899,65506
2.4956,65508
2.5013,65507
2.507,65509
2.5128,65505
2.5185,65510
2.5242,65501
2.5299,65507
2.5356,65509
2.5413,65508
2.547,65510
2.5527,65512
2.5584,65508
2.5641,65510
2.5698,65508
2.5755,65510
2.5812,65509
2.587,65511
2.5927,65512
2.5984,65509
2.6041,65511
2.6098,65509
2.6155,65504
2.6212,65508
2.6269,65512
2.6326,65509
2.6383,65508
2.644,65506
2.6497,65508
2.6555,65509
2.6612,65512
2.6669,65510
2.6726,65512
2.6783,65509
2.684,65508
2.6897,65510
2.6954,65509
2.7011,65507
2.7068,65504
2.7125,65509
2.7182,65507
2.7239,65506
2.7296,65507
2.7354,65505
2.7411,65507
2.7468,65507
2.7525,65509
2.7582,65508
2.7639,65510
2.7696,65508
2.7753,65508
2.781,65512
2.7867,65509
2.7924,65508
2.7981,65507
2.8038,65509
2.8095,65508
2.8153,65508
2.821,65510
2.8267,65510
2.8324,65509
2.8381,65508
2.8438,65505
2.8495,65506
2.8552,65509
2.8609,65507
2.8667,65505
2.8724,65509
2.8781,65511
2.8838,65507
2.8895,65504
2.8952,65507
2.9009,65506
2.9066,65506
2.9123,65508
2.918,65508
2.9237,65510
2.9294,65508
2.9351,65506
2.9409,65504
2.9466,65505
2.9523,65506
2.958,65509
2.9637,65503
2.9694,65503
2.9751,65505
2.9808,65505
2.9865,65508
2.9922,65508
2.998,65504
3.0037,65505
3.0094,65506
3.0151,65505
3.0208,65510
3.0265,65504
3.0322,65508
3.0379,65508
3.0436,65505
3.0493,65508
3.0551,65509
3.0608,65508
3.0665,65509
3.0722,65501
3.0779,65509
3.0836,65507
3.0893,65510
3.095,65509
3.1007,65508
3.1064,65509
3.1121,65507
3.1178,65510
3.1235,65510
3.1292,65511
3.1349,65509
3.1406,65508
3.1464,65508
3.1521,65507
3.1578,65510
3.1635,65507
3.1692,65509
3.1749,65509
3.1806,65508
3.1863,65510
3.192,65508
3.1977,65509
3.2034,65509
3.2092,65506
3.2149,65509
3.2206,65508
3.2263,65508
3.232,65507
3.2377,65506
3.2434,65510
3.2491,65507
3.2548,65504
3.2605,65508
3.2662,65506
3.2719,65511
3.2776,65509
3.2834,65508
3.2891,65505
3.2948,65509
3.3005,65509
3.3062,65507
3.3119,65507
3.3176,65506
3.3233,65508
3.329,65510
3.3347,65508
3.3404,65507
3.3461,65506
3.3519,65510
3.3576,65511
3.3633,65510
3.369,65507
3.3747,65505
3.3804,65509
3.3861,65510
3.3918,65505
3.3975,65510
3.4032,65510
3.4089,65506
3.4146,65507
3.4203,65508
3.4261,65509
3.4318,65508
3.4375,65502
3.4432,65508
3.4489,65507
3.4546,65508
3.4603,65506
3.466,65508
3.4717,65507
3.4774,65505
3.4831,65508
3.4889,65509
3.4946,65507
3.5003,65506
3.506,65507
3.5117,65506
3.5174,65508
3.5231,65507
3.5288,65503
3.5345,65505
3.5402,65508
3.5459,65505
3.5516,65504
3.5573,65509
3.563,65508
3.5688,65509
3.5745,65507
3.5802,65510
3.5859,65508
3.5916,65511
3.5973,65507
3.603,65508
3.6087,65508
3.6144,65507
3.6201,65507
3.6258,65510
3.6315,65510
3.6372,65509
3.6429,65511
3.6487,65510
3.6544,65510
3.6601,65511
3.6658,65509
3.6715,65507
3.6772,65510
3.6829,65509
3.6886,65509
3.6943,65510
3.7,65507
3.7057,65509
3.7114,65508
3.7172,65510
3.7229,65509
3.7286,65508
3.7343,65503
3.74,65508
3.7457,65510
3.7514,65510
3.7571,65511
3.7628,65511
3.7685,65509
3.7743,65508
3.78,65507
3.7857,65508
3.7914,65507
3.7971,65508
3.8028,65506
3.8085,65509
3.8142,65509
3.8199,65509
3.8257,65510
3.8314,65508
3.8371,65508
3.8428,65506
3.8485,65504
3.8542,65509
3.8599,65508
3.8656,65507
3.8713,65510
3.877,65511
3.8827,65508
3.8884,65510
3.8942,65507
3.8999,65509
3.9056,65508
3.9113,65511
3.917,65509
3.9227,65510
3.9284,65510
3.9341,65508
3.9398,65508
3.9455,65509
3.9513,65510
3.957,65509
3.9627,65509
3.9684,65507
3.9741,65509
3.9798,65508
3.9855,65504
3.9912,65509
3.9969,65508
4.0026,65508
4.0084,65509
4.0141,65508
4.0198,65510
4.0255,65509
4.0312,65506
4.0369,65510
4.0426,65506
4.0483,65510
4.054,65509
4.0597,65508
4.0654,65509
4.0712,65508
4.0769,65505
4.0826,65510
4.0883,65507
4.094,65508
4.0997,65507
4.1054,65510
4.1111,65509
4.1168,65510
4.1225,65504
4.1282,65509
4.134,65508
4.1397,65509
4.1454,65508
4.1511,65510
4.1568,65508
4.1625,65508
4.1682,65505
4.1739,65510
4.1796,65506
4.1854,65510
4.1911,65509
4.1968,65509
4.2025,65509
4.2082,65504
4.2139,65507
4.2196,65511
4.2253,65509
4.231,65511
4.2367,65510
4.2424,65512
4.2481,65509
4.2539,65509
4.2596,65508
4.2653,65509
4.271,65511
4.2767,65507
4.2824,65509
4.2881,65511
4.2938,65508
4.2995,65510
4.3052,65505
4.3109,65512
4.3166,65508
4.3224,65507
4.3281,65510
4.3338,65509
4.3395,65510
4.3452,65510
4.3509,65507
4.3566,65509
4.3623,65507
4.368,65508
4.3737,65509
4.3794,65509
4.3851,65509
4.3909,65508
4.3966,65507
4.4023,65510
4.408,65509
4.4137,65507
4.4194,65507
4.4251,65508
4.4308,65507
4.4365,65508
4.4422,65506
4.4479,65509
4.4536,65511
4.4594,65511
4.4651,65508
4.4708,65509
4.4765,65510
4.4822,65509
4.4879,65511
4.4936,65511
4.4993,65511
4.505,65508
4.5107,65510
4.5164,65511
4.5221,65509
4.5279,65511
4.5336,65508
4.5393,65511
4.545,65509
4.5507,65509
4.5564,65508
4.5621,65505
4.5678,65510
4.5735,65510
4.5792,65504
4.5849,65509
4.5906,65508
4.5964,65507
4.6021,65503
4.6078,65507
4.6135,65507
4.6192,65509
4.6249,65409
4.6306,65506
4.6363,65506
4.642,65508
4.6477,65509
4.6534,65509
4.6591,65511
4.6648,65509
4.6705,65504
4.6763,65509
4.682,65509
4.6877,65508
4.6934,65507
4.6991,65508
4.7048,65509
4.7105,65507
4.7162,65506
4.7219,65505
4.7276,65509
4.7333,65507
4.739,65505
4.7447,65505
4.7505,65503
4.7562,65507
4.7619,65504
4.7676,65506
4.7733,65506
4.779,65506
4.7847,65507
4.7904,65507
4.7961,65506
4.8018,65503
4.8075,65505
4.8133,65508
4.819,65506
4.8247,65508
4.8304,65506
4.8361,65509
4.8418,65506
4.8475,65507
4.8532,65503
4.8589,65508
4.8646,65508
4.8703,65507
4.8761,65506
4.8818,65507
4.8875,65507
4.8932,65509
4.8989,65504
4.9046,65506
4.9103,65508
4.916,65506
4.9217,65507
4.9274,65506
4.9331,65509
4.9388,65508
4.9445,65502
4.9502,65506
4.956,65506
4.9617,65506
4.9674,65506
4.9731,65508
4.9788,65505
4.9845,65509
4.9902,65504
4.9959,65506
5.0016,65509
5.0073,65504
5.013,65510
5.0188,65506
5.0245,65504
5.0302,65509
5.0359,65503
5.0416,65506
5.0473,65506
5.053,65505
5.0587,65506
5.0644,65506
5.0701,65504
5.0758,65507
5.0815,65499
5.0873,65507
5.093,65508
5.0987,65507
5.1044,65505
5.1101,65504
5.1158,65507
5.1215,65505
5.1272,65502
5.1329,65507
5.1386,65505
5.1443,65509
5.15,65505
5.1557,65506
5.1614,65508
5.1671,65509
5.1729,65502
5.1786,65506
5.1843,65510
5.19,65504
5.1957,65507
5.2014,65509
5.2071,65506
5.2128,65507
5.2185,65503
5.2242,65504
5.2299,65507
5.2356,65505
5.2414,65507
5.2471,65505
5.2528,65508
5.2585,65507
5.2642,65501
5.2699,65510
5.2756,65509
5.2813,65505
5.287,65505
5.2927,65505
5.2984,65503
5.3042,65508
5.3099,65504
5.3156,65508
5.3213,65507
5.327,65507
5.3327,65507
5.3384,65504
5.3441,65507
5.3498,65508
5.3556,65501
5.3613,65506
5.367,65503
5.3727,65505
5.3784,65507
5.3841,65507
5.3898,65503
5.3955,65507
5.4012,65501
5.4069,65507
5.4126,65506
5.4183,65505
5.4241,65510
5.4298,65506
5.4355,65507
5.4412,65506
5.4469,65504
5.4526,65506
5.4583,65505
5.464,65507
5.4697,65508
5.4754,65508
5.4812,65511
5.4869,65507
5.4926,65504
5.4983,65510
5.504,65509
5.5097,65505
5.5154,65506
5.5211,65509
5.5268,65506
5.5325,65506
5.5382,65502
5.5439,65506
5.5497,65508
5.5554,65507
5.5611,65507
5.5668,65506
5.5725,65505
5.5782,65503
5.5839,65504
5.5896,65505
5.5953,65504
5.601,65504
5.6067,65505
5.6124,65505
5.6182,65505
5.6239,65505
5.6296,65501
5.6353,65505
5.641,65504
5.6467,65506
5.6524,65506
5.6581,65504
5.6638,65504
5.6695,65506
5.6752,65500
5.6809,65506
5.6866,65506
5.6924,65505
5.6981,65505
5.7038,65500
5.7095,65505
5.7152,65505
5.7209,65499
5.7266,65505
5.7323,65505
5.738,65504
5.7437,65507
5.7494,65505
5.7551,65505
5.7608,65506
5.7665,65502
5.7723,65507
5.778,65506
5.7837,65505
5.7894,65507
5.7951,65508
5.8008,65508
5.8065,65507
5.8122,65506
5.8179,65505
5.8236,65503
5.8293,65509
5.835,65505
5.8407,65505
5.8465,65505
5.8522,65505
5.8579,65500
5.8636,65503
5.8693,65504
5.875,65501
5.8807,65504
5.8864,65502
5.8921,65508
5.8978,65506
5.9036,65504
5.9093,65507
5.915,65504
5.9207,65502
5.9264,65504
5.9321,65504
5.9378,65505
5.9435,65504
5.9493,65504
5.955,65504
5.9607,65505
5.9664,65505
5.9721,65505
5.9778,65505
5.9835,65506
5.9892,65504
5.9949,65504
6.0006,65506
6.0063,65507
6.0121,65506
6.0178,65505
6.0235,65507
6.0292,65504
6.0349,65508
6.0406,65503
6.0463,65509
6.052,65506
6.0577,65506
6.0634,65508
6.0691,65508
6.0748,65506
6.0805,65507
6.0863,65508
6.092,65506
6.0977,65506
6.1034,65503
6.1091,65505
6.1148,65507
6.1205,65506
6.1262,65506
6.1319,65503
6.1376,65506
6.1433,65507
6.149,65509
6.1548,65507
6.1605,65506
6.1662,65509
6.1719,65508
6.1776,65503
6.1833,65507
6.189,65508
6.1947,65507
6.2004,65507
6.2061,65507
6.2118,65507
6.2176,65507
6.2233,65502
6.229,65507
6.2347,65504
6.2404,65504
6.2461,65507
6.2518,65503
6.2575,65506
6.2632,65507
6.2689,65504
6.2747,65506
6.2804,65508
6.2861,65507
6.2918,65502
6.2975,65508
6.3032,65506
6.3089,65506
6.3146,65502
6.3203,65505
6.326,65502
6.3317,65503
6.3374,65504
6.3431,65504
6.3489,65506
6.3546,65506
6.3603,65504
6.366,65505
6.3717,65507
6.3774,65506
6.3831,65505
6.3888,65503
6.3945,65507
6.4002,65506
6.4059,65498
6.4116,65506
6.4174,65507
6.4231,65506
6.4288,65508
6.4345,65506
6.4402,65505
6.4459,65509
6.4516,65502
6.4573,65506
6.463,65507
6.4687,65511
6.4744,65506
6.4802,65505
6.4859,65506
6.4916,65505
6.4973,65500
6.503,65507
6.5087,65507
6.5144,65509
6.5201,65506
6.5258,65507
6.5315,65507
6.5372,65506
6.5429,65504
6.5486,65505
6.5544,65504
6.5601,65509
6.5658,65507
6.5715,65507
6.5772,65506
6.5829,65508
6.5886,65505
6.5943,65505
6.6,65506
6.6057,65508
6.6114,65504
6.6171,65507
6.6229,65505
6.6286,65507
6.6343,65504
6.64,65508
6.6457,65506
6.6514,65504
6.6571,65506
6.6628,65507
6.6685,65507
6.6742,65508
6.6799,65503
6.6856,65509
6.6914,65504
6.6971,65506
6.7028,65505
6.7085,65505
6.7142,65507
6.7199,65507
6.7256,65497
6.7313,65505
6.737,65505
6.7428,65507
6.7485,65506
6.7542,65505
6.7599,65503
6.7656,65506
6.7713,65501
6.777,65505
6.7827,65507
6.7884,65503
6.7941,65507
6.7998,65505
6.8056,65506
6.8113,65503
6.817,65502
6.8227,65509
6.8284,65507
6.8341,65508
6.8398,65504
6.8455,65503
6.8512,65505
6.8569,65506
6.8627,65501
6.8684,65505
6.8741,65507
6.8798,65506
6.8855,65506
6.8912,65506
6.8969,65504
6.9026,65505
6.9083,65500
6.914,65502
6.9197,65502
6.9254,65505
6.9311,65504
6.9368,65504
6.9426,65502
6.9483,65506
6.954,65503
6.9597,65507
6.9654,65506
6.9711,65503
6.9768,65505
6.9825,65503
6.9882,65504
6.9939,65504
6.9996,65501
7.0053,65504
7.0111,65507
7.0168,65503
7.0225,65504
7.0282,65506
7.0339,65502
7.0396,65504
7.0453,65503
7.051,65505
7.0567,65504
7.0624,65504
7.0682,65507
7.0739,65503
7.0796,65505
7.0853,65504
7.091,65502
7.0967,65503
7.1024,65502
7.1082,65504
7.1139,65501
7.1196,65503
7.1253,65508
7.131,65504
7.1367,65503
7.1424,65505
7.1481,65502
7.1538,65509
7.1595,65505
7.1652,65505
7.1709,65505
7.1767,65504
7.1824,65503
7.1881,65506
7.1938,65505
7.1995,65506
7.2052,65502
7.2109,65505
7.2166,65503
7.2223,65505
7.228,65502
7.2337,65505
7.2394,65505
7.2452,65504
7.2509,65504
7.2566,65506
7.2623,65502
7.268,65505
7.2737,65498
7.2794,65503
7.2851,65502
7.2908,65505
7.2965,65507
7.3022,65503
7.3079,65506
7.3137,65502
7.3194,65500
7.3251,65501
7.3308,65504
7.3365,65505
7.3422,65506
7.3479,65503
7.3536,65503
7.3593,65503
7.365,65501
7.3707,65502
7.3765,65505
7.3822,65505
7.3879,65500
7.3936,65500
7.3993,65504
7.405,65505
7.4107,65501
7.4164,65504
7.4221,65505
7.4278,65509
7.4335,65506
7.4392,65505
7.445,65505
7.4507,65509
7.4564,65499
7.4621,65505
7.4678,65509
7.4735,65508
7.4792,65507
7.4849,65504
7.4906,65504
7.4963,65504
7.502,65504
7.5077,65506
7.5134,65505
7.5192,65503
7.5249,65507
7.5306,65506
7.5363,65503
7.542,65507
7.5477,65503
7.5534,65506
7.5591,65501
7.5648,65504
7.5705,65502
7.5762,65502
7.5819,65503
7.5876,65501
7.5933,65498
7.5991,65506
7.6048,65503
7.6105,65503
7.6162,65504
7.6219,65503
7.6276,65503
7.6333,65505
7.639,65504
7.6447,65501
7.6504,65500
7.6561,65503
7.6618,65504
7.6675,65502
7.6733,65504
7.679,65503
7.6847,65492
7.6904,65506
7.6961,65500
7.7018,65501
7.7075,65500
7.7132,65501
7.7189,65501
7.7246,65501
7.7304,65499
7.7361,65505
7.7418,65503
7.7475,65501
7.7532,65502
7.7589,65502
7.7646,65500
7.7703,65503
7.776,65499
7.7817,65500
7.7874,65500
7.7931,65498
7.7989,65499
7.8046,65499
7.8103,65504
7.816,65501
7.8217,65502
7.8274,65502
7.8331,65503
7.8388,65504
7.8445,65502
7.8503,65501
7.856,65505
7.8617,65503
7.8674,65499
7.8731,65503
7.8788,65502
7.8845,65505
7.8902,65500
7.8959,65499
7.9016,65503
7.9073,65505
7.913,65498
7.9187,65503
7.9245,65503
7.9302,65499
7.9359,65501
7.9416,65504
7.9473,65500
7.953,65499
7.9587,65498
7.9644,65509
7.9701,65505
7.9758,65502
7.9815,65504
7.9873,65503
7.993,65500
7.9987,65502
8.0044,65493
8.0101,65503
8.0158,65505
8.0215,65502
8.0272,65501
8.0329,65503
8.0386,65502
8.0444,65499
8.0501,65502
8.0558,65500
8.0615,65502
8.0672,65502
8.0729,65502
8.0786,65504
8.0843,65500
8.09,65502
8.0957,65498
8.1014,65500
8.1071,65503
8.1129,65502
8.1186,65503
8.1243,65506
8.13,65501
8.1357,65500
8.1414,65502
8.1471,65501
8.1528,65503
8.1585,65503
8.1642,65503
8.1699,65503
8.1757,65505
8.1814,65501
8.1871,65501
8.1928,65507
8.1985,65502
8.2042,65505
8.2099,65500
8.2156,65504
8.2213,65503
8.227,65503
8.2328,65502
8.2385,65505
8.2442,65503
8.2499,65506
8.2556,65502
8.2613,65504
8.267,65501
8.2727,65502
8.2784,65499
8.2841,65503
8.2898,65505
8.2955,65503
8.3012,65503
8.3069,65505
8.3127,65506
8.3184,65504
8.3241,65501
8.3298,65504
8.3355,65506
8.3412,65500
8.3469,65503
8.3526,65506
8.3583,65503
8.364,65504
8.3697,65499
8.3754,65503
8.3812,65504
8.3869,65504
8.3926,65501
8.3983,65502
8.404,65504
8.4097,65502
8.4154,65497
8.4211,65506
8.4268,65501
8.4325,65504
8.4382,65501
8.4439,65506
8.4496,65503
8.4554,65498
8.4611,65498
8.4668,65499
8.4725,65500
8.4782,65499
8.4839,65501
8.4896,65501
8.4953,65501
8.501,65501
8.5067,65498
8.5124,65500
8.5181,65501
8.5239,65502
8.5296,65507
8.5353,65504
8.541,65503
8.5467,65501
8.5524,65496
8.5581,65503
8.5638,65506
8.5695,65502
8.5752,65504
8.5809,65500
8.5866,65502
8.5924,65501
8.5981,65501
8.6038,65500
8.6095,65505
8.6152,65505
8.6209,65500
8.6266,65502
8.6323,65505
8.638,65504
8.6437,65502
8.6494,65498
8.6551,65501
8.6609,65503
8.6666,65504
8.6723,65504
8.678,65505
8.6837,65504
8.6894,65500
8.6951,65502
8.7008,65506
8.7065,65505
8.7122,65502
8.7179,65500
8.7236,65506
8.7293,65501
8.7351,65499
8.7408,65505
8.7465,65504
8.7522,65501
8.7579,65499
8.7636,65505
8.7693,65501
8.775,65503
8.7807,65502
8.7864,65504
8.7921,65503
8.7978,65505
8.8036,65503
8.8093,65501
8.815,65503
8.8207,65504
8.8264,65501
8.8321,65502
8.8378,65497
8.8435,65499
8.8492,65504
8.8549,65503
8.8606,65503
8.8663,65499
8.872,65498
8.8778,65504
8.8835,65504
8.8892,65506
8.8949,65505
8.9006,65502
8.9063,65504
8.912,65504
8.9177,65500
8.9234,65501
8.9291,65504
8.9348,65502
8.9405,65503
8.9463,65503
8.952,65504
8.9577,65500
8.9634,65496
8.9691,65507
8.9748,65500
8.9805,65504
8.9862,65501
8.9919,65504
8.9976,65503
9.0033,65502
9.009,65497
9.0147,65501
9.0205,65503
9.0262,65501
9.0319,65500
9.0376,65504
9.0433,65505
9.049,65500
9.0547,65499
9.0604,65503
9.0661,65497
9.0718,65497
9.0776,65503
9.0833,65502
9.089,65504
9.0947,65505
9.1004,65499
9.1061,65502
9.1118,65503
9.1175,65503
9.1232,65502
9.1289,65499
9.1346,65500
9.1403,65499
9.146,65500
9.1518,65504
9.1575,65506
9.1632,65500
9.1689,65501
9.1746,65501
9.1803,65502
9.186,65501
9.1917,65495
9.1974,65502
9.2031,65505
9.2088,65501
9.2145,65505
9.2203,65505
9.226,65504
9.2317,65499
9.2374,65498
9.2431,65498
9.2488,65501
9.2545,65500
9.2602,65503
9.2659,65503
9.2716,65502
9.2774,65500
9.2831,65496
9.2888,65500
9.2945,65501
9.3002,65505
9.3059,65501
9.3116,65500
9.3173,65501
9.323,65500
9.3287,65495
9.3344,65502
9.3401,65495
9.3459,65498
9.3516,65499
9.3573,65500
9.363,65504
9.3687,65501
9.3744,65492
9.3801,65503
9.3858,65502
9.3915,65502
9.3972,65504
9.4029,65500
9.4087,65502
9.4144,65506
9.4201,65501
9.4258,65502
9.4315,65503
9.4372,65501
9.4429,65503
9.4486,65500
9.4543,65503
9.4601,65503
9.4658,65493
9.4715,65501
9.4772,65503
9.4829,65503
9.4886,65503
9.4943,65505
9.5,65499
9.5057,65501
9.5114,65495
9.5171,65502
9.5229,65501
9.5286,65500
9.5343,65499
9.54,65500
9.5457,65501
9.5514,65503
9.5571,65497
9.5628,65503
9.5685,65498
9.5742,65501
9.5799,65499
9.5857,65500
9.5914,65500
9.5971,65499
9.6028,65497
9.6085,65499
9.6142,65502
9.6199,65502
9.6256,65501
9.6313,65501
9.6371,65501
9.6428,65501
9.6485,65495
9.6542,65500
9.6599,65502
9.6656,65502
9.6713,65498
9.677,65502
9.6827,65503
9.6884,65498
9.6941,65500
9.6998,65500
9.7055,65502
9.7112,65496
9.7169,65501
9.7227,65503
9.7284,65498
9.7341,65502
9.7398,65496
9.7455,65498
9.7512,65496
9.7569,65505
9.7626,65500
9.7683,65500
9.774,65500
9.7797,65501
9.7854,65496
9.7911,65499
9.7969,65503
9.8026,65503
9.8083,65503
9.814,65500
9.8197,65502
9.8254,65501
9.8311,65497
9.8368,65506
9.8426,65502
9.8483,65499
9.854,65501
9.8597,65503
9.8654,65500
9.8711,65498
9.8768,65492
9.8825,65501
9.8882,65504
9.8939,65501
9.8996,65499
9.9053,65496
9.9111,65501
9.9168,65503
9.9225,65495
9.9282,65500
9.9339,65502
9.9396,65501
9.9453,65501
9.951,65501
9.9567,65500
9.9624,65496
9.9681,65495
9.9738,65494
9.9796,65500
9.9853,65500
9.991,65502
9.9967,65498
10.0024,65497
10.0081,65501
10.0138,65495
10.0195,65499
10.0252,65498
10.0309,65499
10.0366,65501
10.0424,65497
10.0481,65500
10.0538,65505
10.0595,65495
10.0652,65500
10.0709,65500
10.0766,65497
10.0823,65500
10.088,65499
10.0937,65496
10.0994,65505
10.1051,65496
10.1108,65501
10.1166,65506
10.1223,65497
10.128,65503
10.1337,65499
10.1394,65499
10.1451,65495
10.1508,65496
10.1565,65503
10.1622,65498
10.1679,65503
10.1737,65498
10.1794,65506
10.1851,65501
10.1908,65503
10.1965,65501
10.2022,65501
10.2079,65503
10.2136,65503
10.2193,65501
10.2251,65498
10.2308,65501
10.2365,65502
10.2422,65501
10.2479,65499
10.2536,65504
10.2593,65505
10.265,65503
10.2707,65498
10.2764,65502
10.2821,65497
10.2878,65493
10.2936,65502
10.2993,65505
10.305,65499
10.3107,65501
10.3164,65501
10.3221,65502
10.3278,65498
10.3335,65495
10.3392,65503
10.3449,65499
10.3506,65501
10.3564,65501
10.3621,65498
10.3678,65499
10.3735,65499
10.3792,65499
10.3849,65500
10.3906,65500
10.3963,65501
10.402,65497
10.4077,65501
10.4134,65498
10.4192,65499
10.4249,65494
10.4306,65501
10.4363,65497
10.442,65497
10.4477,65500
10.4534,65500
10.4591,65497
10.4648,65502
10.4705,65497
10.4762,65498
10.482,65502
10.4877,65494
10.4934,65500
10.4991,65502
10.5048,65500
10.5105,65501
10.5162,65490
10.5219,65502
10.5276,65502
10.5333,65500
10.539,65502
10.5447,65503
10.5504,65499
10.5562,65504
10.5619,65492
10.5676,65503
10.5733,65497
10.579,65503
10.5847,65498
10.5904,65503
10.5961,65497
10.6018,65498
10.6075,65495
10.6132,65506
10.6189,65500
10.6246,65498
10.6304,65498
10.6361,65499
10.6418,65500
10.6475,65496
10.6532,65501
10.6589,65500
10.6646,65501
10.6703,65504
10.676,65499
10.6817,65499
10.6874,65501
10.6932,65498
10.6989,65495
10.7046,65500
10.7103,65497
10.716,65499
10.7217,65500
10.7274,65501
10.7331,65497
10.7388,65498
10.7445,65496
10.7503,65502
10.756,65497
10.7617,65500
10.7674,65499
10.7731,65499
10.7788,65499
10.7845,65500
10.7902,65494
10.7959,65501
10.8016,65502
10.8073,65499
10.813,65502
10.8188,65499
10.8245,65502
10.8302,65502
10.8359,65496
10.8416,65497
10.8473,65500
10.853,65504
10.8587,65502
10.8644,65503
10.8701,65500
10.8758,65500
10.8815,65496
10.8873,65506
10.893,65499
10.8987,65499
10.9044,65503
10.9101,65500
10.9158,65502
10.9215,65501
10.9272,65494
10.9329,65501
10.9386,65502
10.9443,65504
10.95,65498
10.9557,65503
10.9615,65496
10.9672,65500
10.9729,65498
10.9786,65498
10.9843,65500
10.99,65498
10.9957,65503
11.0014,65502
11.0071,65502
11.0128,65498
11.0185,65495
11.0242,65500
11.03,65499
11.0357,65500
11.0414,65500
11.0471,65502
11.0528,65501
11.0585,65501
11.0642,65493
11.0699,65502
11.0756,65500
11.0813,65499
11.087,65500
11.0928,65502
11.0985,65497
11.1042,65496
11.1099,65494
11.1156,65505
11.1213,65503
11.127,65503
11.1327,65500
11.1384,65500
11.1441,65506
11.1498,65501
11.1555,65501
11.1613,65498
11.167,65499
11.1727,65502
11.1784,65501
11.1841,65501
11.1898,65500
11.1955,65502
11.2012,65495
11.2069,65505
11.2126,65503
11.2183,65502
11.224,65505
11.2298,65504
11.2355,65502
11.2412,65503
11.2469,65502
11.2526,65503
11.2583,65497
11.264,65503
11.2697,65503
11.2754,65499
11.2811,65497
11.2868,65501
11.2925,65495
11.2982,65498
11.3039,65503
11.3097,65499
11.3154,65504
11.3211,65504
11.3268,65496
11.3325,65500
11.3382,65494
11.3439,65500
11.3496,65506
11.3553,65501
11.361,65502
11.3667,65505
11.3725,65501
11.3782,65500
11.3839,65497
11.3896,65501
11.3953,65504
11.401,65502
11.4067,65502
11.4124,65501
11.4181,65501
11.4238,65501
11.4295,65497
11.4352,65503
11.4409,65500
11.4467,65503
11.4524,65500
11.4581,65505
11.4638,65498
11.4695,65504
11.4752,65500
11.4809,65504
11.4866,65500
11.4923,65505
11.498,65503
11.5037,65503
11.5094,65502
11.5151,65503
11.5208,65501
11.5266,65503
11.5323,65501
11.538,65500
11.5437,65500
11.5494,65503
11.5551,65501
11.5608,65501
11.5665,65492
11.5722,65500
11.5779,65503
11.5837,65503
11.5894,65502
11.5951,65502
11.6008,65500
11.6065,65505
11.6122,65494
11.6179,65495
11.6236,65497
11.6293,65498
11.635,65501
11.6407,65502
11.6464,65502
11.6522,65499
11.6579,65498
11.6636,65500
11.6693,65501
11.675,65501
11.6807,65501
11.6864,65495
11.6921,65500
11.6978,65502
11.7035,65497
11.7092,65497
11.7149,65502
11.7207,65500
11.7264,65501
11.7321,65501
11.7378,65498
11.7435,65498
11.7492,65500
11.7549,65501
11.7606,65503
11.7663,65501
11.772,65500
11.7777,65501
11.7834,65498
11.7892,65501
11.7949,65494
11.8006,65498
11.8063,65498
11.812,65501
11.8177,65497
11.8234,65500
11.8291,65494
11.8348,65500
11.8405,65495
11.8462,65500
11.8519,65499
11.8577,65501
11.8634,65496
11.8691,65499
11.8748,65501
11.8805,65500
11.8862,65495
11.8919,65499
11.8976,65498
11.9033,65501
11.909,65497
11.9147,65502
11.9205,65501
11.9262,65495
11.9319,65491
11.9376,65500
11.9433,65499
11.949,65502
11.9547,65493
11.9604,65500
11.9661,65504
11.9718,65496
11.9775,65491
11.9833,65498
11.989,65495
11.9947,65497
12.0004,65498
12.0061,65500
12.0118,65500
12.0175,65499
12.0232,65494
12.0289,65497
12.0346,65500
12.0403,65498
12.046,65504
12.0517,65497
12.0575,65499
12.0632,65498
12.0689,65493
12.0746,65498
12.0803,65500
12.086,65497
12.0917,65502
12.0974,65501
12.1031,65499
12.1088,65500
12.1145,65499
12.1202,65497
12.1259,65502
12.1316,65502
12.1374,65498
12.1431,65498
12.1488,65497
12.1545,65496
12.1602,65494
12.1659,65500
12.1716,65501
12.1773,65501
12.183,65501
12.1887,65501
12.1944,65502
12.2001,65499
12.2058,65497
12.2116,65502
12.2173,65496
12.223,65499
12.2287,65503
12.2344,65496
12.2401,65499
12.2458,65501
12.2515,65492
12.2572,65497
12.2629,65496
12.2686,65500
12.2744,65501
12.2801,65498
12.2858,65501
12.2915,65496
12.2972,65494
12.3029,65500
12.3086,65500
12.3143,65500
12.32,65498
12.3257,65497
12.3314,65500
12.3371,65501
12.3428,65499
12.3486,65496
12.3543,65504
12.36,65500
12.3657,65497
12.3714,65501
12.3771,65498
12.3828,65503
12.3885,65498
12.3942,65501
12.3999,65499
12.4056,65503
12.4113,65498
12.4171,65500
12.4228,65499
12.4285,65496
12.4342,65495
12.4399,65504
12.4456,65503
12.4513,65497
12.457,65506
12.4627,65502
12.4684,65500
12.4741,65499
12.4798,65495
12.4856,65495
12.4913,65499
12.497,65500
12.5027,65495
12.5084,65499
12.5141,65501
12.5198,65495
12.5255,65493
12.5312,65496
12.5369,65496
12.5426,65496
12.5483,65502
12.5541,65499
12.5598,65497
12.5655,65499
12.5712,65492
12.5769,65501
12.5826,65501
12.5883,65498
12.594,65497
12.5997,65496
12.6054,65499
12.6112,65501
12.6169,65493
12.6226,65495
12.6283,65493
12.634,65493
12.6397,65496
12.6454,65498
12.6511,65499
12.6568,65499
12.6625,65493
12.6682,65496
12.674,65500
12.6797,65495
12.6854,65499
12.6911,65499
12.6968,65493
12.7025,65498
12.7082,65491
12.7139,65496
12.7196,65500
12.7253,65496
12.731,65501
12.7367,65499
12.7425,65499
12.7482,65497
12.7539,65494
12.7596,65498
12.7653,65500
12.771,65501
12.7767,65497
12.7824,65501
12.7881,65500
12.7938,65498
12.7996,65496
12.8053,65498
12.811,65498
12.8167,65502
12.8224,65501
12.8281,65499
12.8338,65498
12.8395,65500
12.8452,65493
12.8509,65500
12.8566,65499
12.8623,65500
12.8681,65497
12.8738,65502
12.8795,65499
12.8852,65498
12.8909,65494
12.8966,65493
12.9023,65496
12.908,65499
12.9137,65497
12.9194,65500
12.9252,65496
12.9309,65498
12.9366,65492
12.9423,65498
12.948,65499
12.9537,65499
12.9594,65500
12.9651,65499
12.9708,65499
12.9765,65499
12.9822,65495
12.9879,65501
12.9936,65501
12.9993,65499
13.0051,65500
13.0108,65504
13.0165,65499
13.0222,65504
13.0279,65497
13.0336,65498
13.0393,65500
13.045,65503
13.0507,65494
13.0565,65494
13.0622,65495
13.0679,65499
13.0736,65489
13.0793,65498
13.085,65497
13.0907,65498
13.0964,65499
13.1021,65494
13.1078,65498
13.1136,65500
13.1193,65491
13.125,65494
13.1307,65493
13.1364,65493
13.1421,65498
13.1478,65496
13.1535,65499
13.1592,65495
13.1649,65492
13.1706,65497
13.1763,65495
13.1821,65498
13.1878,65496
13.1935,65498
13.1992,65497
13.2049,65496
13.2106,65497
13.2163,65498
13.222,65499
13.2277,65496
13.2334,65500
13.2391,65500
13.2448,65497
13.2505,65503
13.2563,65492
13.262,65497
13.2677,65499
13.2734,65497
13.2791,65497
13.2848,65498
13.2905,65497
13.2962,65497
13.3019,65492
13.3076,65499
13.3133,65502
13.319,65499
13.3248,65496
13.3305,65501
13.3362,65495
13.3419,65496
13.3476,65492
13.3533,65498
13.359,65494
13.3647,65496
13.3704,65501
13.3761,65500
13.3818,65500
13.3875,65494
13.3932,65490
13.3989,65494
13.4047,65497
13.4104,65499
13.4161,65502
13.4218,65501
13.4275,65497
13.4332,65497
13.4389,65492
13.4446,65496
13.4503,65498
13.456,65500
13.4617,65500
13.4674,65501
13.4731,65500
13.4789,65500
13.4846,65493
13.4903,65497
13.496,65500
13.5017,65495
13.5074,65498
13.5131,65496
13.5188,65499
13.5245,65499
13.5302,65496
13.536,65502
13.5417,65495
13.5474,65501
13.5531,65499
13.5588,65498
13.5645,65502
13.5702,65497
13.5759,65493
13.5816,65499
13.5874,65498
13.5931,65500
13.5988,65497
13.6045,65501
13.6102,65496
13.6159,65494
13.6216,65491
13.6273,65496
13.633,65495
13.6387,65499
13.6444,65498
13.6501,65498
13.6558,65499
13.6615,65499
13.6673,65491
13.673,65501
13.6787,65499
13.6844,65500
13.6901,65500
13.6958,65498
13.7015,65495
13.7072,65496
13.7129,65496
13.7186,65503
13.7243,65501
13.7301,65502
13.7358,65503
13.7415,65503
13.7472,65502
13.7529,65498
13.7586,65493
13.7643,65497
13.77,65501
13.7757,65501
13.7814,65498
13.7871,65500
13.7929,65498
13.7986,65499
13.8043,65495
13.81,65499
13.8157,65498
13.8214,65499
13.8271,65500
13.8328,65499
13.8385,65503
13.8442,65501
13.8499,65491
13.8556,65502
13.8614,65500
13.8671,65496
13.8728,65503
13.8785,65496
13.8842,65500
13.8899,65498
13.8956,65495
13.9013,65499
13.907,65500
13.9127,65499
13.9184,65500
13.9242,65497
13.9299,65498
13.9356,65497
13.9413,65490
13.947,65501
13.9527,65503
13.9584,65499
13.9641,65498
13.9698,65501
13.9755,65499
13.9812,65499
13.9869,65493
13.9927,65503
13.9984,65499
14.0041,65503
14.0098,65501
14.0155,65497
14.0212,65496
14.0269,65496
14.0326,65499
14.0383,65500
14.044,65498
14.0497,65500
14.0554,65494
14.0612,65497
14.0669,65495
14.0726,65500
14.0783,65495
14.084,65497
14.0897,65496
14.0954,65502
14.1011,65501
14.1068,65497
14.1125,65502
14.1182,65498
14.1239,65490
14.1296,65499
14.1354,65496
14.1411,65498
14.1468,65499
14.1525,65501
14.1582,65499
14.1639,65499
14.1696,65492
14.1753,65499
14.181,65494
14.1867,65499
14.1924,65496
14.1981,65496
14.2038,65500
14.2096,65498
14.2153,65495
14.221,65497
14.2267,65498
14.2324,65496
14.2381,65496
14.2438,65499
14.2495,65501
14.2552,65502
14.2609,65499
14.2666,65500
14.2723,65499
14.278,65491
14.2838,65497
14.2895,65497
14.2952,65496
14.3009,65495
14.3066,65495
14.3123,65495
14.318,65499
14.3237,65502
14.3294,65499
14.3351,65505
14.3408,65494
14.3465,65499
14.3523,65492
14.358,65498
14.3637,65499
14.3694,65499
14.3751,65496
14.3808,65493
14.3865,65499
14.3922,65495
14.3979,65490
14.4036,65496
14.4093,65496
14.415,65500
14.4208,65500
14.4265,65497
14.4322,65496
14.4379,65499
14.4436,65495
14.4493,65496
14.455,65493
14.4607,65498
14.4664,65497
14.4721,65493
14.4778,65495
14.4835,65497
14.4893,65490
14.495,65497
14.5007,65497
14.5064,65493
14.5121,65494
14.5178,65494
14.5235,65495
14.5292,65495
14.5349,65487
14.5406,65495
14.5464,65492
14.5521,65499
14.5578,65498
14.5635,65493
14.5692,65495
14.5749,65494
14.5806,65484
14.5863,65496
14.592,65495
14.5977,65497
14.6034,65497
14.6092,65492
14.6149,65495
14.6206,65493
14.6263,65492
14.632,65499
14.6377,65497
14.6434,65498
14.6491,65497
14.6548,65498
14.6605,65492
14.6662,65493
14.6719,65485
14.6777,65493
14.6834,65497
14.6891,65494
14.6948,65494
14.7005,65497
14.7062,65493
14.7119,65493
14.7176,65475
14.7233,65492
14.729,65487
14.7347,65492
14.7404,65492
14.7461,65487
14.7519,65489
14.7576,65478
14.7633,65458
14.769,65483
14.7747,65484
14.7804,65485
14.7861,65478
14.7918,65478
14.7975,65480
14.8032,65471
14.8089,65463
14.8146,65470
14.8204,65473
14.8261,65468
14.8318,65467
14.8375,65466
14.8432,65463
14.8489,65470
14.8546,65454
14.8603,65454
14.866,65457
14.8717,65451
14.8774,65459
14.8831,65451
14.8888,65450
14.8945,65443
14.9002,65437
14.906,65439
14.9117,65440
14.9174,65439
14.9231,65432
14.9288,65434
14.9345,65432
14.9402,65434
14.9459,65427
14.9516,65434
14.9573,65428
14.963,65432
14.9688,65422
14.9745,65424
14.9802,65417
14.9859,65418
14.9916,65414
14.9973,65416
15.003,65419
15.0087,65420
15.0144,65406
15.0202,65404
15.0259,65416
15.0316,65410
15.0373,65405
15.043,65409
15.0487,65404
15.0544,65403
15.0601,65399
15.0658,65396
15.0715,65396
15.0773,65396
15.083,65387
15.0887,65398
15.0944,65391
15.1001,65389
15.1058,65382
15.1115,65384
15.1172,65375
15.1229,65370
15.1286,65364
15.1343,65365
15.14,65372
15.1458,65360
15.1515,65354
15.1572,65357
15.1629,65344
15.1686,65334
15.1743,65310
15.18,65299
15.1857,65267
15.1914,65245
15.1971,65217
15.2028,65199
15.2086,65178
15.2143,65155
15.22,65149
15.2257,65127
15.2314,65113
15.2371,65104
15.2428,65089
15.2485,65077
15.2542,65065
15.2599,65058
15.2656,65061
15.2714,65041
15.2771,65027
15.2828,65016
15.2885,64997
15.2942,64972
15.2999,64955
15.3056,64952
15.3113,64949
15.317,64945
15.3227,64959
15.3284,64956
15.3341,64960
15.3398,64986
15.3456,65011
15.3513,65037
15.357,65062
15.3627,65078
15.3684,65099
15.3741,65105
15.3798,65122
15.3855,65120
15.3912,65120
15.3969,65112
15.4026,65106
15.4083,65094
15.4141,65072
15.4198,65062
15.4255,65049
15.4312,65036
15.4369,65020
15.4426,65000
15.4483,64985
15.454,64963
15.4597,64924
15.4654,64892
15.4711,64849
15.4768,64779
15.4825,64727
15.4883,64620
15.494,64547
15.4997,64470
15.5054,64353
15.5111,64262
15.5168,64173
15.5225,64039
15.5282,63968
15.5339,63874
15.5396,63812
15.5453,63766
15.551,63708
15.5568,63682
15.5625,63660
15.5682,63617
15.5739,63596
15.5796,63558
15.5853,63532
15.591,63503
15.5967,63474
15.6024,63451
15.6081,63421
15.6138,63371
15.6196,63330
15.6253,63283
15.631,63233
15.6367,63203
15.6424,63148
15.6481,63107
15.6538,63066
15.6595,63040
15.6652,63004
15.6709,62972
15.6766,62945
15.6823,62941
15.688,62927
15.6937,62906
15.6994,62899
15.7052,62899
15.7109,62891
15.7166,62865
15.7223,62880
15.728,62868
15.7337,62831
15.7394,62815
15.7451,62790
15.7508,62780
15.7565,62772
15.7622,62753
15.7679,62742
15.7736,62719
15.7794,62702
15.7851,62695
15.7908,62685
15.7965,62676
15.8022,62659
15.8079,62650
15.8136,62631
15.8193,62631
15.825,62623
15.8307,62619
15.8364,62604
15.8422,62598
15.8479,62592
15.8536,62580
15.8593,62573
15.865,62579
15.8707,62559
15.8764,62549
15.8821,62541
15.8878,62538
15.8935,62529
15.8992,62513
15.9049,62513
15.9106,62508
15.9164,62478
15.9221,62471
15.9278,62448
15.9335,62451
15.9392,62452
15.9449,62437
15.9506,62417
15.9563,62403
15.962,62380
15.9677,62389
15.9734,62374
15.9792,62363
15.9849,62338
15.9906,62343
15.9963,62342
16.002,62329
16.0077,62321
16.0134,62317
16.0191,62294
16.0248,62272
16.0305,62281
16.0362,62275
16.0419,62265
16.0477,62251
16.0534,62257
16.0591,62245
16.0648,62241
16.0705,62228
16.0762,62224
16.0819,62218
16.0876,62208
16.0933,62209
16.099,62207
16.1047,62204
16.1104,62191
16.1161,62194
16.1219,62205
16.1276,62168
16.1333,62162
16.139,62170
16.1447,62155
16.1504,62168
16.1561,62176
16.1618,61058
16.1675,61069
16.1732,61038
16.1789,61060
16.1847,61040
16.1904,61121
16.1961,61103
16.2018,61125
16.2075,61060
16.2132,61073
16.2189,61014
16.2246,61029
16.2303,61016
16.2361,61066
16.2418,61062
16.2475,61034
16.2532,61041
16.2589,61046
16.2646,61081
16.2703,61107
16.276,61114
16.2817,61152
16.2874,61306
16.2932,61504
16.2989,61484
16.3046,57251
16.3103,61078
16.316,61075
16.3217,61069
16.3274,61075
16.3331,61076
16.3388,61065
16.3445,61026
16.3502,61022
16.356,61025
16.3617,61030
16.3674,61028
16.3731,61029
16.3788,61050
16.3845,61032
16.3902,61048
16.3959,60993
16.4016,61030
16.4073,61039
16.413,61550
16.4187,61290
16.4244,61129
16.4302,61033
16.4359,61176
16.4416,61505
16.4473,61531
16.453,61495
16.4587,61480
16.4644,61548
16.4701,61544
16.4758,61734
16.4816,61093
16.4873,61637
16.493,61489
16.4987,61006
16.5044,61537
16.5101,61526
16.5158,61311
16.5215,61684
16.5272,60988
16.5329,60989
16.5386,60980
16.5443,60956
16.5501,60987
16.5558,60952
16.5615,60950
16.5672,60978
16.5729,60974
16.5786,60973
16.5843,60962
16.59,60954
16.5957,60948
16.6014,60899
16.6072,60884
16.6129,60900
16.6186,60918
16.6243,60907
16.63,60936
16.6357,60941
16.6414,60935
16.6471,60929
16.6528,60927
16.6585,60970
16.6642,61021
16.6699,60986
16.6757,60982
16.6814,60959
16.6871,60919
16.6928,60955
16.6985,60967
16.7042,60938
16.7099,60958
16.7156,60965
16.7213,61017
16.727,61007
16.7328,60991
16.7385,60972
16.7442,60944
16.7499,60990
16.7556,60991
16.7613,60974
16.767,60912
16.7727,60892
16.7784,60900
16.7841,60912
16.7898,60875
16.7955,60877
16.8013,61274
16.807,60970
16.8127,60926
16.8184,60987
16.8241,60900
16.8298,60892
16.8355,60900
16.8412,60885
16.8469,60885
16.8526,60995
16.8583,61162
16.864,60988
16.8698,60922
16.8755,60941
16.8812,61055
16.8869,61402
16.8926,61421
16.8983,61490
16.904,61467
16.9097,61492
16.9154,61291
16.9211,57581
16.9268,61284
16.9325,61544
16.9383,60862
16.944,61568
16.9497,61580
16.9554,61570
16.9611,61539
16.9668,61553
