0.0004,64268
0.003,64325
0.0061,64264
0.0119,64924
0.0177,64271
0.0235,64282
0.0292,64259
0.035,64263
0.0407,64261
0.0464,64261
0.0521,64255
0.0578,64256
0.0635,64262
0.0692,64254
0.0749,64249
0.0806,64252
0.0864,64251
0.0921,64253
0.0978,64256
0.1035,64242
0.1092,64254
0.1149,64249
0.1206,64354
0.1263,64373
0.132,64353
0.1377,64356
0.1434,64267
0.1491,64322
0.1549,64329
0.1606,64305
0.1663,64319
0.172,64266
0.1777,64287
0.1834,64335
0.1891,64284
0.1948,64283
0.2005,64294
0.2062,64271
0.2119,64277
0.2176,64283
0.2233,64297
0.2291,64273
0.2348,64320
0.2405,64351
0.2462,64316
0.2519,64325
0.2576,64353
0.2633,64307
0.269,63348
0.2747,64346
0.2804,64354
0.2861,64289
0.2918,64298
0.2976,64338
0.3033,64305
0.309,64329
0.3147,64366
0.3204,64361
0.3261,64354
0.3318,64337
0.3375,64406
0.3432,64376
0.3489,64363
0.3546,64390
0.3604,64380
0.3661,64347
0.3718,64315
0.3775,64378
0.3832,64409
0.3889,64402
0.3946,64329
0.4003,64347
0.406,64347
0.4117,64337
0.4174,64362
0.4232,64343
0.4289,64340
0.4346,64341
0.4403,64331
0.446,64336
0.4517,64333
0.4574,64329
0.4631,64333
0.4688,64350
0.4745,64387
0.4802,64332
0.4859,64337
0.4917,64333
0.4974,64342
0.5031,64345
0.5088,64352
0.5145,64341
0.5202,64349
0.5259,64353
0.5316,64356
0.5373,64354
0.543,64361
0.5487,64358
0.5544,64352
0.5602,64355
0.5659,64360
0.5716,64364
0.5773,64355
0.583,64354
0.5887,64362
0.5944,64362
0.6001,64359
0.6058,64382
0.6115,64382
0.6172,64367
0.6229,64405
0.6287,64419
0.6344,64417
0.6401,64428
0.6458,64431
0.6515,64423
0.6572,64436
0.6629,64386
0.6686,64363
0.6743,64360
0.6801,64369
0.6858,64361
0.6915,64368
0.6972,64369
0.7029,64369
0.7086,64402
0.7143,64369
0.72,64376
0.7257,64418
0.7314,64369
0.7371,64370
0.7429,64374
0.7486,64369
0.7543,64389
0.76,64378
0.7657,64395
0.7714,64388
0.7771,64401
0.7828,64020
0.7885,64387
0.7942,64376
0.7999,64380
0.8057,64380
0.8114,64390
0.8171,64416
0.8228,64474
0.8285,64438
0.8342,64401
0.8399,64398
0.8456,64399
0.8513,64436
0.857,64416
0.8627,64410
0.8684,64405
0.8741,64412
0.8799,64425
0.8856,64412
0.8913,64462
0.897,64413
0.9027,64408
0.9084,64418
0.9141,64424
0.9198,64768
0.9255,64429
0.9312,64423
0.9369,64452
0.9426,64438
0.9483,64427
0.9541,64431
0.9598,64429
0.9655,64422
0.9712,64436
0.9769,64439
0.9826,64452
0.9883,64430
0.994,64488
0.9997,64447
1.0055,64437
1.0112,64436
1.0169,64442
1.0226,64444
1.0283,64442
1.034,64481
1.0397,64441
1.0454,64458
1.0511,64457
1.0568,64458
1.0625,64463
1.0682,64472
1.074,64472
1.0797,64488
1.0854,64491
1.0911,64494
1.0968,64489
1.1025,64511
1.1082,64496
1.1139,64492
1.1196,64516
1.1254,64497
1.1311,64499
1.1368,64500
1.1425,64495
1.1482,64498
1.1539,64505
1.1596,64508
1.1653,64505
1.171,64505
1.1767,64505
1.1824,64499
1.1882,64496
1.1939,64501
1.1996,64506
1.2053,64513
1.211,64518
1.2167,64519
1.2224,64522
1.2281,64521
1.2338,64532
1.2395,64543
1.2452,64540
1.251,64537
1.2567,64540
1.2624,64541
1.2681,64544
1.2738,64551
1.2795,64555
1.2853,64564
1.291,64563
1.2967,64563
1.3024,64580
1.3081,64585
1.3138,64566
1.3195,64578
1.3252,64576
1.3309,64566
1.3366,64569
1.3423,64583
1.348,64579
1.3538,64588
1.3595,64591
1.3652,64591
1.3709,64594
1.3766,64592
1.3823,64594
1.388,64597
1.3937,64607
1.3994,64604
1.4051,64613
1.4108,64535
1.4166,64617
1.4223,64608
1.428,64606
1.4337,64613
1.4394,64622
1.4451,64625
1.4508,64626
1.4565,64635
1.4622,64633
1.468,64633
1.4737,64637
1.4794,64640
1.4851,64668
1.4908,64650
1.4965,64652
1.5022,64655
1.508,64660
1.5137,64691
1.5194,64664
1.5251,64665
1.5308,64665
1.5365,64678
1.5422,64682
1.5479,64694
1.5536,64690
1.5593,64678
1.565,64688
1.5708,64702
1.5765,64700
1.5822,64700
1.5879,64699
1.5936,64703
1.5993,64702
1.605,64707
1.6107,64706
1.6164,64705
1.6221,64708
1.6278,64718
1.6335,64720
1.6392,64726
1.6449,64730
1.6507,64735
1.6564,64735
1.6621,64741
1.6678,64743
1.6735,64742
1.6792,64748
1.6849,64756
1.6906,64759
1.6963,64760
1.702,64763
1.7077,64769
1.7135,64767
1.7192,64771
1.7249,64778
1.7306,64786
1.7363,64780
1.742,64784
1.7477,64790
1.7534,64789
1.7591,64796
1.7648,64799
1.7706,64807
1.7763,64804
1.782,64813
1.7877,64806
1.7934,64812
1.7991,65284
1.8049,65499
1.8106,65505
1.8163,65505
1.822,65501
1.8277,65493
1.8334,65507
1.8391,65507
1.8448,65508
1.8505,65511
1.8563,65505
1.862,65511
1.8677,65511
1.8734,65499
1.8791,65510
1.8848,65509
1.8905,65510
1.8962,65507
1.9019,65510
1.9076,65512
1.9133,65509
1.919,65500
1.9248,65511
1.9305,65509
1.9362,65508
1.9419,65511
1.9476,65510
1.9533,65510
1.959,65512
1.9647,65503
1.9704,65512
1.9761,65511
1.9818,65509
1.9875,65513
1.9933,65510
1.999,65512
2.0047,65511
2.0104,65501
2.0161,65512
2.0218,65511
2.0275,65510
2.0332,65512
2.0389,65513
2.0446,65508
2.0503,65509
2.0561,65500
2.0618,65509
2.0675,65511
2.0732,65510
2.0789,65511
2.0846,65509
2.0903,65509
2.096,65511
2.1017,65504
2.1074,64886
2.1131,64889
2.1188,64890
2.1245,64889
2.1303,64888
2.136,64894
2.1417,64893
2.1474,64898
2.1531,64898
2.1588,64892
2.1645,64895
2.1702,64902
2.1759,64901
2.1816,64897
2.1873,64903
2.193,64902
2.1987,64898
2.2045,65514
2.2102,65512
2.2159,65511
2.2216,65510
2.2273,65509
2.233,65511
2.2387,65504
2.2444,65510
2.2501,65511
2.2558,65509
2.2615,65511
2.2672,65509
2.273,65512
2.2787,65509
2.2844,65503
2.2901,65512
2.2958,65509
2.3015,65509
2.3072,65510
2.3129,65508
2.3186,65510
2.3243,65509
2.33,65504
2.3357,65508
2.3415,65509
2.3472,65508
2.3529,65510
2.3586,65510
2.3643,65509
2.37,65508
2.3757,65504
2.3814,65507
2.3871,65510
2.3928,65510
2.3985,65509
2.4042,65509
2.41,65510
2.4157,65509
2.4214,65504
2.4271,65509
2.4328,65508
2.4385,65509
2.4442,65509
2.4499,65513
2.4556,65510
2.4613,65510
2.4671,65506
2.4728,65511
2.4785,65512
2.4842,65510
2.4899,65508
2.4956,65508
2.5013,65510
2.507,65511
2.5128,65502
2.5185,65509
2.5242,65506
2.5299,65508
2.5356,65510
2.5413,65511
2.547,65510
2.5527,65512
2.5584,65506
2.5641,65512
2.5698,65511
2.5755,65511
2.5812,65513
2.587,65511
2.5927,65512
2.5984,65511
2.6041,65507
2.6098,65510
2.6155,65509
2.6212,65506
2.6269,65508
2.6326,65508
2.6383,65506
2.644,65508
2.6497,65501
2.6555,65508
2.6612,65513
2.6669,65509
2.6726,65512
2.6783,65511
2.684,65510
2.6897,65510
2.6954,65506
2.7011,65511
2.7068,65510
2.7125,65507
2.7182,65508
2.7239,65508
2.7296,65507
2.7354,65508
2.7411,65502
2.7468,65506
2.7525,65510
2.7582,65509
2.7639,65507
2.7696,65509
2.7753,65511
2.781,65511
2.7867,65506
2.7924,65510
2.7981,65510
2.8038,65508
2.8095,65511
2.8153,65509
2.821,65506
2.8267,65510
2.8324,65503
2.8381,65506
2.8438,65511
2.8495,65508
2.8552,65509
2.8609,65509
2.8667,65510
2.8724,65512
2.8781,65503
2.8838,65510
2.8895,65509
2.8952,65510
2.9009,65510
2.9066,65511
2.9123,65510
2.918,65512
2.9237,65504
2.9294,65511
2.9351,65508
2.9409,65506
2.9466,65509
2.9523,65508
2.958,65511
2.9637,65508
2.9694,65499
2.9751,65506
2.9808,65506
2.9865,65509
2.9922,65505
2.998,65510
3.0037,65507
3.0094,65505
3.0151,65500
3.0208,65507
3.0265,65509
3.0322,65509
3.0379,65509
3.0436,65507
3.0493,65508
3.0551,65511
3.0608,65507
3.0665,65510
3.0722,65507
3.0779,65511
3.0836,65507
3.0893,65508
3.095,65509
3.1007,65510
3.1064,65503
3.1121,65508
3.1178,65511
3.1235,65508
3.1292,65509
3.1349,65507
3.1406,65507
3.1464,65511
3.1521,65504
3.1578,65509
3.1635,65508
3.1692,65509
3.1749,65510
3.1806,65511
3.1863,65508
3.192,65511
3.1977,65503
3.2034,65510
3.2092,65510
3.2149,65510
3.2206,65507
3.2263,65510
3.232,65510
3.2377,65509
3.2434,65502
3.2491,65510
3.2548,65510
3.2605,65508
3.2662,65510
3.2719,65509
3.2776,65508
3.2834,65509
3.2891,65499
3.2948,65509
3.3005,65508
3.3062,65507
3.3119,65509
3.3176,65508
3.3233,65511
3.329,65508
3.3347,65501
3.3404,65508
3.3461,65508
3.3519,65509
3.3576,65511
3.3633,65512
3.369,65510
3.3747,65509
3.3804,65505
3.3861,65509
3.3918,65510
3.3975,65512
3.4032,65510
3.4089,65512
3.4146,65509
3.4203,65511
3.4261,65507
3.4318,65510
3.4375,65511
3.4432,65508
3.4489,65507
3.4546,65508
3.4603,65510
3.466,65509
3.4717,65501
3.4774,65508
3.4831,65509
3.4889,65510
3.4946,65507
3.5003,65505
3.506,65510
3.5117,65511
3.5174,65503
3.5231,65507
3.5288,65507
3.5345,65509
3.5402,65510
3.5459,65507
3.5516,65506
3.5573,65508
3.563,65502
3.5688,65507
3.5745,65504
3.5802,65510
3.5859,65513
3.5916,65511
3.5973,65513
3.603,65510
3.6087,65505
3.6144,65512
3.6201,65510
3.6258,65511
3.6315,65509
3.6372,65511
3.6429,65510
3.6487,65511
3.6544,65506
3.6601,65513
3.6658,65510
3.6715,65510
3.6772,65509
3.6829,65510
3.6886,65511
3.6943,65509
3.7,65504
3.7057,65512
3.7114,65509
3.7172,65508
3.7229,65509
3.7286,65512
3.7343,65509
3.74,65510
3.7457,65506
3.7514,65511
3.7571,65510
3.7628,65511
3.7685,65511
3.7743,65511
3.78,65509
3.7857,65509
3.7914,65505
3.7971,65510
3.8028,65510
3.8085,65512
3.8142,65509
3.8199,65511
3.8257,65509
3.8314,65509
3.8371,65506
3.8428,65510
3.8485,65511
3.8542,65511
3.8599,65510
3.8656,65510
3.8713,65511
3.877,65510
3.8827,65507
3.8884,65513
3.8942,65510
3.8999,65510
3.9056,65510
3.9113,65511
3.917,65509
3.9227,65512
3.9284,65506
3.9341,65509
3.9398,65511
3.9455,65510
3.9513,65511
3.957,65509
3.9627,65508
3.9684,65509
3.9741,65505
3.9798,65510
3.9855,65510
3.9912,65508
3.9969,65509
4.0026,65511
4.0084,65512
4.0141,65509
4.0198,65503
4.0255,65509
4.0312,65506
4.0369,65510
4.0426,65511
4.0483,65510
4.054,65512
4.0597,65510
4.0654,65504
4.0712,65508
4.0769,65511
4.0826,65511
4.0883,65511
4.094,65510
4.0997,65512
4.1054,65509
4.1111,65504
4.1168,65511
4.1225,65506
4.1282,65511
4.134,65510
4.1397,65511
4.1454,65510
4.1511,65511
4.1568,65502
4.1625,65511
4.1682,65511
4.1739,65510
4.1796,65511
4.1854,65510
4.1911,65512
4.1968,65512
4.2025,65500
4.2082,65510
4.2139,65510
4.2196,65510
4.2253,65509
4.231,65511
4.2367,65513
4.2424,65510
4.2481,65504
4.2539,65511
4.2596,65510
4.2653,65512
4.271,65508
4.2767,65512
4.2824,65511
4.2881,65512
4.2938,65505
4.2995,65510
4.3052,65510
4.3109,65512
4.3166,65508
4.3224,65510
4.3281,65508
4.3338,65511
4.3395,65507
4.3452,65509
4.3509,65511
4.3566,65511
4.3623,65511
4.368,65510
4.3737,65510
4.3794,65510
4.3851,65504
4.3909,65512
4.3966,65510
4.4023,65511
4.408,65511
4.4137,65508
4.4194,65508
4.4251,65510
4.4308,65503
4.4365,65507
4.4422,65510
4.4479,65506
4.4536,65511
4.4594,65509
4.4651,65510
4.4708,65510
4.4765,65505
4.4822,65511
4.4879,65508
4.4936,65512
4.4993,65510
4.505,65513
4.5107,65511
4.5164,65510
4.5221,65505
4.5279,65511
4.5336,65510
4.5393,65509
4.545,65511
4.5507,65509
4.5564,65511
4.5621,65510
4.5678,65506
4.5735,65511
4.5792,65510
4.5849,65512
4.5906,65512
4.5964,65511
4.6021,65509
4.6078,65511
4.6135,65505
4.6192,65509
4.6249,65507
4.6306,65507
4.6363,65510
4.642,65507
4.6477,65508
4.6534,65511
4.6591,65504
4.6648,65511
4.6705,65510
4.6763,65509
4.682,65507
4.6877,65509
4.6934,65509
4.6991,65509
4.7048,65507
4.7105,65508
4.7162,65509
4.7219,65508
4.7276,65507
4.7333,65505
4.739,65504
4.7447,65505
4.7505,65499
4.7562,65505
4.7619,65505
4.7676,65509
4.7733,65509
4.779,65508
4.7847,65506
4.7904,65507
4.7961,65502
4.8018,65508
4.8075,65507
4.8133,65508
4.819,65506
4.8247,65508
4.8304,65511
4.8361,65511
4.8418,65500
4.8475,65508
4.8532,65507
4.8589,65508
4.8646,65509
4.8703,65510
4.8761,65509
4.8818,65507
4.8875,65502
4.8932,65509
4.8989,65508
4.9046,65509
4.9103,65509
4.916,65510
4.9217,65507
4.9274,65508
4.9331,65503
4.9388,65509
4.9445,65508
4.9502,65508
4.956,65512
4.9617,65507
4.9674,65510
4.9731,65508
4.9788,65502
4.9845,65506
4.9902,65509
4.9959,65509
5.0016,65509
5.0073,65509
5.013,65508
5.0188,65508
5.0245,65501
5.0302,65505
5.0359,65506
5.0416,65506
5.0473,65507
5.053,65508
5.0587,65508
5.0644,65504
5.0701,65501
5.0758,65507
5.0815,65508
5.0873,65510
5.093,65509
5.0987,65509
5.1044,65508
5.1101,65510
5.1158,65502
5.1215,65506
5.1272,65505
5.1329,65508
5.1386,65510
5.1443,65506
5.15,65508
5.1557,65508
5.1614,65503
5.1671,65509
5.1729,65506
5.1786,65507
5.1843,65508
5.19,65510
5.1957,65509
5.2014,65510
5.2071,65501
5.2128,65509
5.2185,65507
5.2242,65506
5.2299,65505
5.2356,65508
5.2414,65506
5.2471,65510
5.2528,65504
5.2585,65505
5.2642,65509
5.2699,65509
5.2756,65507
5.2813,65510
5.287,65505
5.2927,65508
5.2984,65503
5.3042,65509
5.3099,65508
5.3156,65508
5.3213,65507
5.327,65507
5.3327,65506
5.3384,65508
5.3441,65500
5.3498,65508
5.3556,65507
5.3613,65506
5.367,65509
5.3727,65507
5.3784,65510
5.3841,65505
5.3898,65499
5.3955,65505
5.4012,65509
5.4069,65508
5.4126,65507
5.4183,65506
5.4241,65510
5.4298,65508
5.4355,65502
5.4412,65507
5.4469,65507
5.4526,65508
5.4583,65511
5.464,65510
5.4697,65507
5.4754,65510
5.4812,65503
5.4869,65509
5.4926,65511
5.4983,65510
5.504,65510
5.5097,65506
5.5154,65507
5.5211,65504
5.5268,65498
5.5325,65503
5.5382,65510
5.5439,65510
5.5497,65509
5.5554,65508
5.5611,65509
5.5668,65509
5.5725,65501
5.5782,65503
5.5839,65507
5.5896,65507
5.5953,65504
5.601,65506
5.6067,65507
5.6124,65509
5.6182,65498
5.6239,65503
5.6296,65505
5.6353,65506
5.641,65503
5.6467,65504
5.6524,65503
5.6581,65504
5.6638,65500
5.6695,65505
5.6752,65506
5.6809,65507
5.6866,65506
5.6924,65507
5.6981,65506
5.7038,65506
5.7095,65499
5.7152,65506
5.7209,65503
5.7266,65507
5.7323,65507
5.738,65506
5.7437,65507
5.7494,65508
5.7551,65500
5.7608,65506
5.7665,65506
5.7723,65510
5.778,65508
5.7837,65506
5.7894,65507
5.7951,65506
5.8008,65504
5.8065,65509
5.8122,65510
5.8179,65508
5.8236,65509
5.8293,65507
5.835,65507
5.8407,65505
5.8465,65502
5.8522,65504
5.8579,65507
5.8636,65506
5.8693,65505
5.875,65502
5.8807,65506
5.8864,65508
5.8921,65501
5.8978,65507
5.9036,65502
5.9093,65507
5.915,65507
5.9207,65508
5.9264,65505
5.9321,65508
5.9378,65497
5.9435,65508
5.9493,65508
5.955,65508
5.9607,65509
5.9664,65507
5.9721,65508
5.9778,65505
5.9835,65501
5.9892,65507
5.9949,65509
6.0006,65504
6.0063,65506
6.0121,65509
6.0178,65507
6.0235,65508
6.0292,65500
6.0349,65511
6.0406,65509
6.0463,65508
6.052,65507
6.0577,65509
6.0634,65507
6.0691,65507
6.0748,65498
6.0805,65508
6.0863,65509
6.092,65507
6.0977,65508
6.1034,65507
6.1091,65508
6.1148,65508
6.1205,65503
6.1262,65510
6.1319,65507
6.1376,65511
6.1433,65510
6.149,65507
6.1548,65508
6.1605,65508
6.1662,65503
6.1719,65507
6.1776,65507
6.1833,65507
6.189,65505
6.1947,65509
6.2004,65508
6.2061,65508
6.2118,65502
6.2176,65509
6.2233,65506
6.229,65508
6.2347,65503
6.2404,65508
6.2461,65505
6.2518,65510
6.2575,65501
6.2632,65506
6.2689,65508
6.2747,65508
6.2804,65508
6.2861,65505
6.2918,65505
6.2975,65504
6.3032,65504
6.3089,65509
6.3146,65504
6.3203,65506
6.326,65507
6.3317,65507
6.3374,65508
6.3431,65507
6.3489,65500
6.3546,65508
6.3603,65508
6.366,65502
6.3717,65509
6.3774,65506
6.3831,65507
6.3888,65509
6.3945,65502
6.4002,65506
6.4059,65506
6.4116,65509
6.4174,65506
6.4231,65507
6.4288,65507
6.4345,65506
6.4402,65496
6.4459,65509
6.4516,65508
6.4573,65508
6.463,65509
6.4687,65507
6.4744,65511
6.4802,65508
6.4859,65503
6.4916,65507
6.4973,65506
6.503,65505
6.5087,65507
6.5144,65508
6.5201,65507
6.5258,65507
6.5315,65503
6.5372,65508
6.5429,65505
6.5486,65506
6.5544,65508
6.5601,65508
6.5658,65509
6.5715,65509
6.5772,65500
6.5829,65508
6.5886,65508
6.5943,65505
6.6,65507
6.6057,65507
6.6114,65507
6.6171,65508
6.6229,65501
6.6286,65510
6.6343,65507
6.64,65508
6.6457,65506
6.6514,65504
6.6571,65510
6.6628,65505
6.6685,65499
6.6742,65508
6.6799,65508
6.6856,65505
6.6914,65504
6.6971,65507
6.7028,65507
6.7085,65507
6.7142,65504
6.7199,65505
6.7256,65507
6.7313,65506
6.737,65506
6.7428,65510
6.7485,65509
6.7542,65508
6.7599,65500
6.7656,65506
6.7713,65508
6.777,65506
6.7827,65505
6.7884,65507
6.7941,65508
6.7998,65509
6.8056,65502
6.8113,65509
6.817,65507
6.8227,65508
6.8284,65508
6.8341,65506
6.8398,65507
6.8455,65505
6.8512,65498
6.8569,65504
6.8627,65507
6.8684,65509
6.8741,65506
6.8798,65507
6.8855,65508
6.8912,65506
6.8969,65500
6.9026,65506
6.9083,65504
6.914,65503
6.9197,65504
6.9254,65505
6.9311,65509
6.9368,65507
6.9426,65497
6.9483,65504
6.954,65506
6.9597,65506
6.9654,65502
6.9711,65508
6.9768,65509
6.9825,65506
6.9882,65502
6.9939,65505
6.9996,65505
7.0053,65505
7.0111,65508
7.0168,65507
7.0225,65504
7.0282,65507
7.0339,65500
7.0396,65506
7.0453,65505
7.051,65505
7.0567,65506
7.0624,65506
7.0682,65508
7.0739,65508
7.0796,65503
7.0853,65504
7.091,65507
7.0967,65507
7.1024,65509
7.1082,65507
7.1139,65506
7.1196,65507
7.1253,65499
7.131,65504
7.1367,65507
7.1424,65507
7.1481,65504
7.1538,65505
7.1595,65509
7.1652,65506
7.1709,65498
7.1767,65508
7.1824,65508
7.1881,65505
7.1938,65506
7.1995,65508
7.2052,65505
7.2109,65507
7.2166,65499
7.2223,65509
7.228,65500
7.2337,65510
7.2394,65507
7.2452,65505
7.2509,65507
7.2566,65507
7.2623,65497
7.268,65501
7.2737,65502
7.2794,65505
7.2851,65503
7.2908,65506
7.2965,65506
7.3022,65504
7.3079,65500
7.3137,65507
7.3194,65506
7.3251,65505
7.3308,65506
7.3365,65504
7.3422,65506
7.3479,65504
7.3536,65498
7.3593,65506
7.365,65502
7.3707,65504
7.3765,65508
7.3822,65505
7.3879,65505
7.3936,65506
7.3993,65497
7.405,65503
7.4107,65509
7.4164,65505
7.4221,65505
7.4278,65509
7.4335,65506
7.4392,65504
7.445,65498
7.4507,65508
7.4564,65508
7.4621,65504
7.4678,65505
7.4735,65509
7.4792,65507
7.4849,65506
7.4906,65502
7.4963,65508
7.502,65510
7.5077,65508
7.5134,65507
7.5192,65508
7.5249,65505
7.5306,65509
7.5363,65503
7.542,65506
7.5477,65508
7.5534,65507
7.5591,65508
7.5648,65500
7.5705,65505
7.5762,65507
7.5819,65502
7.5876,65507
7.5933,65506
7.5991,65507
7.6048,65508
7.6105,65508
7.6162,65505
7.6219,65504
7.6276,65500
7.6333,65504
7.639,65506
7.6447,65505
7.6504,65503
7.6561,65504
7.6618,65508
7.6675,65502
7.6733,65500
7.679,65503
7.6847,65505
7.6904,65505
7.6961,65505
7.7018,65503
7.7075,65503
7.7132,65502
7.7189,65495
7.7246,65504
7.7304,65503
7.7361,65507
7.7418,65504
7.7475,65502
7.7532,65501
7.7589,65503
7.7646,65501
7.7703,65501
7.776,65503
7.7817,65504
7.7874,65505
7.7931,65498
7.7989,65503
7.8046,65504
7.8103,65495
7.816,65501
7.8217,65506
7.8274,65504
7.8331,65504
7.8388,65504
7.8445,65503
7.8503,65503
7.856,65499
7.8617,65506
7.8674,65503
7.8731,65506
7.8788,65507
7.8845,65506
7.8902,65505
7.8959,65505
7.9016,65497
7.9073,65501
7.913,65505
7.9187,65505
7.9245,65507
7.9302,65505
7.9359,65503
7.9416,65505
7.9473,65497
7.953,65503
7.9587,65507
7.9644,65506
7.9701,65503
7.9758,65504
7.9815,65500
7.9873,65500
7.993,65496
7.9987,65504
8.0044,65505
8.0101,65505
8.0158,65502
8.0215,65507
8.0272,65499
8.0329,65506
8.0386,65499
8.0444,65503
8.0501,65500
8.0558,65504
8.0615,65502
8.0672,65502
8.0729,65507
8.0786,65506
8.0843,65496
8.09,65503
8.0957,65504
8.1014,65506
8.1071,65506
8.1129,65505
8.1186,65507
8.1243,65504
8.13,65498
8.1357,65504
8.1414,65505
8.1471,65504
8.1528,65503
8.1585,65503
8.1642,65504
8.1699,65501
8.1757,65500
8.1814,65501
8.1871,65507
8.1928,65504
8.1985,65507
8.2042,65500
8.2099,65502
8.2156,65506
8.2213,65500
8.227,65504
8.2328,65505
8.2385,65508
8.2442,65504
8.2499,65509
8.2556,65504
8.2613,65507
8.267,65499
8.2727,65502
8.2784,65504
8.2841,65507
8.2898,65507
8.2955,65506
8.3012,65505
8.3069,65505
8.3127,65499
8.3184,65504
8.3241,65504
8.3298,65503
8.3355,65508
8.3412,65502
8.3469,65507
8.3526,65507
8.3583,65500
8.364,65505
8.3697,65505
8.3754,65504
8.3812,65508
8.3869,65504
8.3926,65502
8.3983,65502
8.404,65499
8.4097,65505
8.4154,65504
8.4211,65507
8.4268,65505
8.4325,65501
8.4382,65508
8.4439,65503
8.4496,65497
8.4554,65506
8.4611,65504
8.4668,65502
8.4725,65504
8.4782,65500
8.4839,65503
8.4896,65504
8.4953,65496
8.501,65502
8.5067,65503
8.5124,65503
8.5181,65501
8.5239,65505
8.5296,65503
8.5353,65505
8.541,65499
8.5467,65504
8.5524,65507
8.5581,65506
8.5638,65499
8.5695,65500
8.5752,65507
8.5809,65504
8.5866,65498
8.5924,65505
8.5981,65505
8.6038,65504
8.6095,65505
8.6152,65506
8.6209,65504
8.6266,65503
8.6323,65497
8.638,65507
8.6437,65498
8.6494,65501
8.6551,65506
8.6609,65504
8.6666,65508
8.6723,65504
8.678,65499
8.6837,65504
8.6894,65505
8.6951,65505
8.7008,65502
8.7065,65505
8.7122,65505
8.7179,65505
8.7236,65497
8.7293,65503
8.7351,65501
8.7408,65503
8.7465,65504
8.7522,65501
8.7579,65504
8.7636,65501
8.7693,65494
8.775,65503
8.7807,65504
8.7864,65507
8.7921,65505
8.7978,65504
8.8036,65503
8.8093,65508
8.815,65498
8.8207,65500
8.8264,65503
8.8321,65506
8.8378,65508
8.8435,65501
8.8492,65504
8.8549,65505
8.8606,65503
8.8663,65505
8.872,65503
8.8778,65505
8.8835,65503
8.8892,65505
8.8949,65502
8.9006,65503
8.9063,65498
8.912,65503
8.9177,65504
8.9234,65505
8.9291,65504
8.9348,65502
8.9405,65503
8.9463,65503
8.952,65496
8.9577,65510
8.9634,65504
8.9691,65505
8.9748,65506
8.9805,65503
8.9862,65507
8.9919,65507
8.9976,65498
9.0033,65505
9.009,65508
9.0147,65503
9.0205,65506
9.0262,65504
9.0319,65507
9.0376,65504
9.0433,65496
9.049,65507
9.0547,65501
9.0604,65502
9.0661,65504
9.0718,65503
9.0776,65500
9.0833,65503
9.089,65493
9.0947,65501
9.1004,65504
9.1061,65502
9.1118,65498
9.1175,65501
9.1232,65500
9.1289,65500
9.1346,65496
9.1403,65502
9.146,65505
9.1518,65502
9.1575,65503
9.1632,65507
9.1689,65502
9.1746,65503
9.1803,65498
9.186,65507
9.1917,65502
9.1974,65504
9.2031,65503
9.2088,65501
9.2145,65504
9.2203,65505
9.226,65496
9.2317,65501
9.2374,65504
9.2431,65503
9.2488,65502
9.2545,65501
9.2602,65503
9.2659,65502
9.2716,65496
9.2774,65506
9.2831,65504
9.2888,65502
9.2945,65499
9.3002,65502
9.3059,65503
9.3116,65501
9.3173,65498
9.323,65497
9.3287,65501
9.3344,65507
9.3401,65502
9.3459,65499
9.3516,65500
9.3573,65501
9.363,65496
9.3687,65502
9.3744,65503
9.3801,65506
9.3858,65503
9.3915,65505
9.3972,65505
9.4029,65503
9.4087,65498
9.4144,65504
9.4201,65501
9.4258,65502
9.4315,65500
9.4372,65506
9.4429,65504
9.4486,65503
9.4543,65495
9.4601,65504
9.4658,65500
9.4715,65500
9.4772,65506
9.4829,65506
9.4886,65502
9.4943,65501
9.5,65498
9.5057,65505
9.5114,65504
9.5171,65501
9.5229,65503
9.5286,65501
9.5343,65502
9.54,65501
9.5457,65498
9.5514,65500
9.5571,65501
9.5628,65505
9.5685,65503
9.5742,65502
9.5799,65500
9.5857,65503
9.5914,65495
9.5971,65502
9.6028,65504
9.6085,65503
9.6142,65503
9.6199,65503
9.6256,65500
9.6313,65506
9.6371,65498
9.6428,65498
9.6485,65503
9.6542,65503
9.6599,65504
9.6656,65501
9.6713,65502
9.677,65501
9.6827,65492
9.6884,65502
9.6941,65505
9.6998,65498
9.7055,65502
9.7112,65505
9.7169,65504
9.7227,65504
9.7284,65496
9.7341,65505
9.7398,65503
9.7455,65500
9.7512,65506
9.7569,65506
9.7626,65505
9.7683,65505
9.774,65495
9.7797,65503
9.7854,65500
9.7911,65502
9.7969,65506
9.8026,65507
9.8083,65504
9.814,65502
9.8197,65498
9.8254,65502
9.8311,65503
9.8368,65508
9.8426,65503
9.8483,65503
9.854,65502
9.8597,65504
9.8654,65492
9.8711,65504
9.8768,65502
9.8825,65502
9.8882,65506
9.8939,65502
9.8996,65499
9.9053,65499
9.9111,65494
9.9168,65502
9.9225,65504
9.9282,65503
9.9339,65504
9.9396,65506
9.9453,65505
9.951,65500
9.9567,65498
9.9624,65504
9.9681,65504
9.9738,65501
9.9796,65505
9.9853,65499
9.991,65506
9.9967,65496
10.0024,65494
10.0081,65503
10.0138,65502
10.0195,65503
10.0252,65499
10.0309,65502
10.0366,65501
10.0424,65503
10.0481,65497
10.0538,65504
10.0595,65505
10.0652,65501
10.0709,65501
10.0766,65500
10.0823,65503
10.088,65498
10.0937,65490
10.0994,65502
10.1051,65500
10.1108,65500
10.1166,65498
10.1223,65500
10.128,65504
10.1337,65503
10.1394,65499
10.1451,65500
10.1508,65502
10.1565,65503
10.1622,65501
10.1679,65502
10.1737,65503
10.1794,65505
10.1851,65498
10.1908,65504
10.1965,65503
10.2022,65503
10.2079,65504
10.2136,65504
10.2193,65504
10.2251,65502
10.2308,65497
10.2365,65505
10.2422,65505
10.2479,65504
10.2536,65502
10.2593,65503
10.265,65501
10.2707,65501
10.2764,65498
10.2821,65500
10.2878,65503
10.2936,65505
10.2993,65501
10.305,65506
10.3107,65500
10.3164,65502
10.3221,65495
10.3278,65503
10.3335,65503
10.3392,65501
10.3449,65501
10.3506,65504
10.3564,65502
10.3621,65503
10.3678,65493
10.3735,65503
10.3792,65503
10.3849,65504
10.3906,65503
10.3963,65502
10.402,65499
10.4077,65499
10.4134,65495
10.4192,65503
10.4249,65501
10.4306,65500
10.4363,65504
10.442,65502
10.4477,65495
10.4534,65503
10.4591,65491
10.4648,65502
10.4705,65502
10.4762,65503
10.482,65501
10.4877,65501
10.4934,65500
10.4991,65498
10.5048,65493
10.5105,65503
10.5162,65500
10.5219,65502
10.5276,65503
10.5333,65501
10.539,65503
10.5447,65503
10.5504,65497
10.5562,65503
10.5619,65502
10.5676,65500
10.5733,65501
10.579,65500
10.5847,65502
10.5904,65497
10.5961,65491
10.6018,65502
10.6075,65497
10.6132,65502
10.6189,65502
10.6246,65499
10.6304,65503
10.6361,65499
10.6418,65495
10.6475,65503
10.6532,65502
10.6589,65501
10.6646,65501
10.6703,65504
10.676,65503
10.6817,65500
10.6874,65495
10.6932,65504
10.6989,65496
10.7046,65503
10.7103,65504
10.716,65498
10.7217,65504
10.7274,65499
10.7331,65495
10.7388,65500
10.7445,65506
10.7503,65505
10.756,65502
10.7617,65504
10.7674,65502
10.7731,65500
10.7788,65497
10.7845,65501
10.7902,65502
10.7959,65499
10.8016,65502
10.8073,65503
10.813,65505
10.8188,65503
10.8245,65499
10.8302,65500
10.8359,65501
10.8416,65498
10.8473,65501
10.853,65503
10.8587,65502
10.8644,65502
10.8701,65495
10.8758,65503
10.8815,65505
10.8873,65505
10.893,65505
10.8987,65500
10.9044,65501
10.9101,65504
10.9158,65494
10.9215,65503
10.9272,65506
10.9329,65508
10.9386,65506
10.9443,65500
10.95,65504
10.9557,65502
10.9615,65494
10.9672,65505
10.9729,65502
10.9786,65502
10.9843,65501
10.99,65504
10.9957,65507
11.0014,65504
11.0071,65497
11.0128,65503
11.0185,65505
11.0242,65503
11.03,65502
11.0357,65502
11.0414,65504
11.0471,65502
11.0528,65497
11.0585,65503
11.0642,65503
11.0699,65500
11.0756,65503
11.0813,65503
11.087,65501
11.0928,65502
11.0985,65495
11.1042,65502
11.1099,65501
11.1156,65506
11.1213,65505
11.127,65501
11.1327,65501
11.1384,65501
11.1441,65499
11.1498,65502
11.1555,65501
11.1613,65499
11.167,65504
11.1727,65503
11.1784,65501
11.1841,65503
11.1898,65496
11.1955,65504
11.2012,65502
11.2069,65504
11.2126,65503
11.2183,65504
11.224,65503
11.2298,65503
11.2355,65496
11.2412,65506
11.2469,65505
11.2526,65502
11.2583,65502
11.264,65501
11.2697,65500
11.2754,65500
11.2811,65494
11.2868,65501
11.2925,65503
11.2982,65498
11.3039,65503
11.3097,65499
11.3154,65504
11.3211,65506
11.3268,65491
11.3325,65503
11.3382,65501
11.3439,65503
11.3496,65505
11.3553,65504
11.361,65505
11.3667,65506
11.3725,65501
11.3782,65501
11.3839,65505
11.3896,65501
11.3953,65502
11.401,65504
11.4067,65502
11.4124,65502
11.4181,65495
11.4238,65501
11.4295,65505
11.4352,65505
11.4409,65503
11.4467,65504
11.4524,65500
11.4581,65504
11.4638,65495
11.4695,65505
11.4752,65503
11.4809,65501
11.4866,65503
11.4923,65507
11.498,65501
11.5037,65505
11.5094,65493
11.5151,65506
11.5208,65502
11.5266,65504
11.5323,65500
11.538,65504
11.5437,65502
11.5494,65503
11.5551,65495
11.5608,65502
11.5665,65500
11.5722,65502
11.5779,65501
11.5837,65504
11.5894,65503
11.5951,65502
11.6008,65495
11.6065,65500
11.6122,65501
11.6179,65501
11.6236,65501
11.6293,65504
11.635,65502
11.6407,65504
11.6464,65494
11.6522,65505
11.6579,65500
11.6636,65501
11.6693,65503
11.675,65505
11.6807,65502
11.6864,65500
11.6921,65495
11.6978,65499
11.7035,65499
11.7092,65499
11.7149,65504
11.7207,65502
11.7264,65505
11.7321,65503
11.7378,65496
11.7435,65501
11.7492,65500
11.7549,65504
11.7606,65502
11.7663,65505
11.772,65505
11.7777,65500
11.7834,65495
11.7892,65504
11.7949,65500
11.8006,65500
11.8063,65499
11.812,65500
11.8177,65498
11.8234,65498
11.8291,65492
11.8348,65498
11.8405,65497
11.8462,65500
11.8519,65500
11.8577,65506
11.8634,65502
11.8691,65502
11.8748,65495
11.8805,65506
11.8862,65500
11.8919,65500
11.8976,65500
11.9033,65499
11.909,65496
11.9147,65501
11.9205,65494
11.9262,65497
11.9319,65502
11.9376,65501
11.9433,65500
11.949,65502
11.9547,65499
11.9604,65501
11.9661,65493
11.9718,65500
11.9775,65502
11.9833,65503
11.989,65504
11.9947,65501
12.0004,65500
12.0061,65504
12.0118,65496
12.0175,65501
12.0232,65502
12.0289,65500
12.0346,65498
12.0403,65499
12.046,65503
12.0517,65499
12.0575,65489
12.0632,65499
12.0689,65499
12.0746,65499
12.0803,65498
12.086,65499
12.0917,65499
12.0974,65501
12.1031,65494
12.1088,65500
12.1145,65498
12.1202,65502
12.1259,65501
12.1316,65502
12.1374,65503
12.1431,65502
12.1488,65493
12.1545,65500
12.1602,65503
12.1659,65504
12.1716,65503
12.1773,65499
12.183,65504
12.1887,65498
12.1944,65496
12.2001,65503
12.2058,65504
12.2116,65499
12.2173,65503
12.223,65503
12.2287,65502
12.2344,65500
12.2401,65495
12.2458,65501
12.2515,65499
12.2572,65499
12.2629,65502
12.2686,65498
12.2744,65497
12.2801,65498
12.2858,65493
12.2915,65504
12.2972,65504
12.3029,65501
12.3086,65501
12.3143,65504
12.32,65501
12.3257,65503
12.3314,65498
12.3371,65501
12.3428,65500
12.3486,65500
12.3543,65502
12.36,65499
12.3657,65503
12.3714,65504
12.3771,65493
12.3828,65502
12.3885,65505
12.3942,65501
12.3999,65498
12.4056,65498
12.4113,65498
12.4171,65502
12.4228,65496
12.4285,65497
12.4342,65501
12.4399,65499
12.4456,65502
12.4513,65503
12.457,65502
12.4627,65501
12.4684,65497
12.4741,65501
12.4798,65502
12.4856,65501
12.4913,65502
12.497,65499
12.5027,65500
12.5084,65500
12.5141,65491
12.5198,65500
12.5255,65499
12.5312,65498
12.5369,65502
12.5426,65495
12.5483,65500
12.5541,65500
12.5598,65498
12.5655,65506
12.5712,65501
12.5769,65499
12.5826,65501
12.5883,65500
12.594,65499
12.5997,65502
12.6054,65494
12.6112,65495
12.6169,65498
12.6226,65500
12.6283,65500
12.634,65499
12.6397,65496
12.6454,65497
12.6511,65497
12.6568,65500
12.6625,65498
12.6682,65501
12.674,65493
12.6797,65497
12.6854,65498
12.6911,65501
12.6968,65492
12.7025,65501
12.7082,65501
12.7139,65502
12.7196,65503
12.7253,65499
12.731,65499
12.7367,65501
12.7425,65496
12.7482,65498
12.7539,65503
12.7596,65498
12.7653,65501
12.771,65500
12.7767,65498
12.7824,65504
12.7881,65497
12.7938,65505
12.7996,65500
12.8053,65496
12.811,65503
12.8167,65503
12.8224,65499
12.8281,65502
12.8338,65498
12.8395,65505
12.8452,65502
12.8509,65503
12.8566,65499
12.8623,65503
12.8681,65497
12.8738,65500
12.8795,65494
12.8852,65499
12.8909,65500
12.8966,65498
12.9023,65497
12.908,65501
12.9137,65500
12.9194,65499
12.9252,65493
12.9309,65503
12.9366,65501
12.9423,65503
12.948,65501
12.9537,65496
12.9594,65500
12.9651,65501
12.9708,65494
12.9765,65505
12.9822,65500
12.9879,65500
12.9936,65502
12.9993,65501
13.0051,65500
13.0108,65499
13.0165,65498
13.0222,65503
13.0279,65503
13.0336,65501
13.0393,65498
13.045,65503
13.0507,65497
13.0565,65498
13.0622,65491
13.0679,65504
13.0736,65497
13.0793,65504
13.085,65499
13.0907,65495
13.0964,65502
13.1021,65502
13.1078,65492
13.1136,65499
13.1193,65500
13.125,65497
13.1307,65499
13.1364,65499
13.1421,65499
13.1478,65495
13.1535,65490
13.1592,65498
13.1649,65504
13.1706,65499
13.1763,65497
13.1821,65499
13.1878,65500
13.1935,65499
13.1992,65492
13.2049,65496
13.2106,65497
13.2163,65501
13.222,65503
13.2277,65498
13.2334,65499
13.2391,65498
13.2448,65493
13.2505,65501
13.2563,65504
13.262,65500
13.2677,65494
13.2734,65503
13.2791,65499
13.2848,65503
13.2905,65492
13.2962,65495
13.3019,65499
13.3076,65498
13.3133,65501
13.319,65500
13.3248,65500
13.3305,65500
13.3362,65490
13.3419,65498
13.3476,65498
13.3533,65498
13.359,65500
13.3647,65498
13.3704,65497
13.3761,65501
13.3818,65490
13.3875,65500
13.3932,65503
13.3989,65499
13.4047,65496
13.4104,65498
13.4161,65495
13.4218,65501
13.4275,65495
13.4332,65499
13.4389,65500
13.4446,65498
13.4503,65499
13.456,65504
13.4617,65501
13.4674,65498
13.4731,65495
13.4789,65502
13.4846,65503
13.4903,65502
13.496,65498
13.5017,65502
13.5074,65500
13.5131,65501
13.5188,65493
13.5245,65498
13.5302,65501
13.536,65501
13.5417,65500
13.5474,65497
13.5531,65498
13.5588,65499
13.5645,65491
13.5702,65501
13.5759,65498
13.5816,65500
13.5874,65498
13.5931,65499
13.5988,65497
13.6045,65497
13.6102,65492
13.6159,65498
13.6216,65498
13.6273,65499
13.633,65501
13.6387,65498
13.6444,65498
13.6501,65503
13.6558,65488
13.6615,65500
13.6673,65501
13.673,65500
13.6787,65499
13.6844,65500
13.6901,65499
13.6958,65501
13.7015,65489
13.7072,65498
13.7129,65499
13.7186,65501
13.7243,65499
13.7301,65499
13.7358,65498
13.7415,65499
13.7472,65496
13.7529,65505
13.7586,65499
13.7643,65501
13.77,65498
13.7757,65499
13.7814,65501
13.7871,65504
13.7929,65493
13.7986,65499
13.8043,65498
13.81,65504
13.8157,65499
13.8214,65497
13.8271,65503
13.8328,65500
13.8385,65498
13.8442,65497
13.8499,65506
13.8556,65500
13.8614,65501
13.8671,65500
13.8728,65502
13.8785,65499
13.8842,65492
13.8899,65501
13.8956,65502
13.9013,65499
13.907,65500
13.9127,65501
13.9184,65497
13.9242,65499
13.9299,65490
13.9356,65497
13.9413,65501
13.947,65501
13.9527,65502
13.9584,65503
13.9641,65501
13.9698,65499
13.9755,65496
13.9812,65500
13.9869,65503
13.9927,65501
13.9984,65501
14.0041,65498
14.0098,65504
14.0155,65499
14.0212,65491
14.0269,65498
14.0326,65502
14.0383,65496
14.044,65503
14.0497,65499
14.0554,65499
14.0612,65500
14.0669,65491
14.0726,65496
14.0783,65501
14.084,65498
14.0897,65498
14.0954,65497
14.1011,65500
14.1068,65501
14.1125,65493
14.1182,65498
14.1239,65500
14.1296,65498
14.1354,65504
14.1411,65499
14.1468,65504
14.1525,65503
14.1582,65496
14.1639,65493
14.1696,65502
14.1753,65499
14.181,65500
14.1867,65501
14.1924,65502
14.1981,65497
14.2038,65492
14.2096,65498
14.2153,65499
14.221,65499
14.2267,65502
14.2324,65496
14.2381,65501
14.2438,65502
14.2495,65496
14.2552,65502
14.2609,65498
14.2666,65503
14.2723,65501
14.278,65496
14.2838,65500
14.2895,65496
14.2952,65495
14.3009,65494
14.3066,65495
14.3123,65494
14.318,65491
14.3237,65499
14.3294,65502
14.3351,65501
14.3408,65494
14.3465,65499
14.3523,65499
14.358,65497
14.3637,65500
14.3694,65499
14.3751,65503
14.3808,65499
14.3865,65488
14.3922,65498
14.3979,65498
14.4036,65497
14.4093,65500
14.415,65505
14.4208,65497
14.4265,65501
14.4322,65490
14.4379,65496
14.4436,65496
14.4493,65498
14.455,65495
14.4607,65496
14.4664,65495
14.4721,65500
14.4778,65493
14.4835,65500
14.4893,65501
14.495,65497
14.5007,65499
14.5064,65496
14.5121,65493
14.5178,65496
14.5235,65492
14.5292,65498
14.5349,65498
14.5406,65495
14.5464,65497
14.5521,65500
14.5578,65499
14.5635,65498
14.5692,65492
14.5749,65499
14.5806,65499
14.5863,65501
14.592,65499
14.5977,65500
14.6034,65501
14.6092,65500
14.6149,65490
14.6206,65501
14.6263,65499
14.632,65504
14.6377,65500
14.6434,65496
14.6491,65502
14.6548,65501
14.6605,65495
14.6662,65499
14.6719,65502
14.6777,65497
14.6834,65504
14.6891,65501
14.6948,65501
14.7005,65499
14.7062,65492
14.7119,65500
14.7176,65503
14.7233,65498
14.729,65497
14.7347,65502
14.7404,65502
14.7461,65502
14.7519,65492
14.7576,65497
14.7633,65501
14.769,65501
14.7747,65500
14.7804,65495
14.7861,65498
14.7918,65504
14.7975,65487
14.8032,65499
14.8089,65502
14.8146,65499
14.8204,65497
14.8261,65500
14.8318,65498
14.8375,65497
14.8432,65483
14.8489,65501
14.8546,65500
14.8603,65498
14.866,65501
14.8717,65498
14.8774,65502
14.8831,65494
14.8888,65487
14.8945,65492
14.9002,65494
14.906,65493
14.9117,65496
14.9174,65500
14.9231,65495
14.9288,65497
14.9345,65480
14.9402,65496
14.9459,65493
14.9516,65495
14.9573,65493
14.963,65494
14.9688,65493
14.9745,65494
14.9802,65478
14.9859,65493
14.9916,65489
14.9973,65491
15.003,65489
15.0087,65487
15.0144,65492
15.0202,65487
15.0259,65477
15.0316,65497
15.0373,65491
15.043,65487
15.0487,65491
15.0544,65480
15.0601,65487
15.0658,65489
15.0715,65470
15.0773,65477
15.083,65484
15.0887,65487
15.0944,65482
15.1001,65476
15.1058,65475
15.1115,65476
15.1172,65461
15.1229,65472
15.1286,65466
15.1343,65468
15.14,65468
15.1458,65461
15.1515,65457
15.1572,65457
15.1629,65444
15.1686,65449
15.1743,65441
15.18,65427
15.1857,65417
15.1914,65399
15.1971,65380
15.2028,65369
15.2086,65352
15.2143,65347
15.22,65339
15.2257,65325
15.2314,65323
15.2371,65311
15.2428,65305
15.2485,65295
15.2542,65287
15.2599,65286
15.2656,65279
15.2714,65273
15.2771,65270
15.2828,65254
15.2885,65246
15.2942,65228
15.2999,65224
15.3056,65212
15.3113,65215
15.317,65217
15.3227,65218
15.3284,65224
15.3341,65224
15.3398,65244
15.3456,65251
15.3513,65264
15.357,65290
15.3627,65298
15.3684,65302
15.3741,65315
15.3798,65323
15.3855,65318
15.3912,65318
15.3969,65320
15.4026,65310
15.4083,65310
15.4141,65298
15.4198,65284
15.4255,65279
15.4312,65265
15.4369,65260
15.4426,65252
15.4483,65226
15.454,65223
15.4597,65204
15.4654,65171
15.4711,65144
15.4768,65105
15.4825,65068
15.4883,65023
15.494,64954
15.4997,64908
15.5054,64852
15.5111,64775
15.5168,64718
15.5225,64642
15.5282,64591
15.5339,64550
15.5396,64490
15.5453,64456
15.551,64443
15.5568,64405
15.5625,64390
15.5682,64366
15.5739,64344
15.5796,64330
15.5853,64306
15.591,64291
15.5967,64276
15.6024,64254
15.6081,64233
15.6138,64195
15.6196,64162
15.6253,64149
15.631,64112
15.6367,64083
15.6424,64061
15.6481,64032
15.6538,63997
15.6595,63970
15.6652,63955
15.6709,63928
15.6766,63912
15.6823,63907
15.688,63894
15.6937,63880
15.6994,63875
15.7052,63878
15.7109,63872
15.7166,63866
15.7223,63857
15.728,63856
15.7337,63840
15.7394,63822
15.7451,63807
15.7508,63795
15.7565,63795
15.7622,63784
15.7679,63765
15.7736,63765
15.7794,63749
15.7851,63745
15.7908,63731
15.7965,63732
15.8022,63719
15.8079,63720
15.8136,63706
15.8193,63703
15.825,63702
15.8307,63693
15.8364,63684
15.8422,63678
15.8479,63679
15.8536,63682
15.8593,63667
15.865,63662
15.8707,63665
15.8764,63653
15.8821,63646
15.8878,63640
15.8935,63640
15.8992,63637
15.9049,63625
15.9106,63620
15.9164,63604
15.9221,63595
15.9278,63584
15.9335,63590
15.9392,63589
15.9449,63572
15.9506,63564
15.9563,63560
15.962,63560
15.9677,63549
15.9734,63541
15.9792,63537
15.9849,63524
15.9906,63520
15.9963,63520
16.002,63509
16.0077,63504
16.0134,63510
16.0191,63488
16.0248,63481
16.0305,63480
16.0362,63478
16.0419,63468
16.0477,63474
16.0534,63464
16.0591,63461
16.0648,63447
16.0705,63448
16.0762,63442
16.0819,63435
16.0876,63431
16.0933,63435
16.099,63434
16.1047,63426
16.1104,63420
16.1161,63416
16.1219,63421
16.1276,63412
16.1333,63405
16.139,63406
16.1447,63408
16.1504,63408
16.1561,63490
16.1618,62567
16.1675,62579
16.1732,62563
16.1789,62572
16.1847,62559
16.1904,62551
16.1961,62604
16.2018,62629
16.2075,62574
16.2132,62597
16.2189,60083
16.2246,62543
16.2303,62544
16.2361,62541
16.2418,62561
16.2475,62551
16.2532,62556
16.2589,62565
16.2646,62576
16.2703,62624
16.276,62591
16.2817,60681
16.2874,62766
16.2932,63416
16.2989,62845
16.3046,61151
16.3103,62573
16.316,62585
16.3217,62575
16.3274,62575
16.3331,62576
16.3388,62570
16.3445,62544
16.3502,62539
16.356,62546
16.3617,62544
16.3674,62545
16.3731,62546
16.3788,62543
16.3845,62556
16.3902,62566
16.3959,62666
16.4016,62555
16.4073,62556
16.413,62908
16.4187,62779
16.4244,59978
16.4302,62622
16.4359,62653
16.4416,62894
16.4473,62545
16.453,62869
16.4587,62851
16.4644,62038
16.4701,62905
16.4758,61011
16.4816,62578
16.4873,62969
16.493,62943
16.4987,62546
16.5044,62904
16.5101,62908
16.5158,62713
16.5215,63000
16.5272,62527
16.5329,62509
16.5386,62522
16.5443,62513
16.5501,62505
16.5558,62487
16.5615,62500
16.5672,62527
16.5729,62526
16.5786,62518
16.5843,62511
16.59,62506
16.5957,62500
16.6014,62474
16.6072,62462
16.6129,62469
16.6186,62490
16.6243,62484
16.63,62493
16.6357,62496
16.6414,62486
16.6471,62495
16.6528,62489
16.6585,62524
16.6642,62556
16.6699,62527
16.6757,62525
16.6814,62501
16.6871,62487
16.6928,62498
16.6985,62513
16.7042,62499
16.7099,62512
16.7156,62523
16.7213,62530
16.727,62530
16.7328,62517
16.7385,62522
16.7442,62493
16.7499,62523
16.7556,62528
16.7613,62518
16.767,62493
16.7727,62457
16.7784,62473
16.7841,62466
16.7898,62446
16.7955,62455
16.8013,62682
16.807,62487
16.8127,62448
16.8184,62508
16.8241,62457
16.8298,62461
16.8355,62450
16.8412,62436
16.8469,62447
16.8526,62386
16.8583,62507
16.864,62482
16.8698,62476
16.8755,62862
16.8812,62531
16.8869,62766
16.8926,62796
16.8983,62803
16.904,62755
16.9097,60699
16.9154,62867
16.9211,62843
16.9268,62946
16.9325,62987
16.9383,62929
16.944,62908
16.9497,62920
16.9554,62915
16.9611,62906
16.9668,62893
