0.0004,65505
0.003,65510
0.0061,65508
0.0119,65505
0.0177,65509
0.0235,65509
0.0292,65508
0.035,65508
0.0407,65507
0.0464,65508
0.0521,65505
0.0578,65508
0.0635,65508
0.0692,65509
0.0749,65508
0.0806,65509
0.0864,65508
0.0921,65510
0.0978,65510
0.1035,65511
0.1092,65510
0.1149,65508
0.1206,65509
0.1263,65510
0.132,65510
0.1377,65510
0.1434,65511
0.1491,65509
0.1549,65511
0.1606,65512
0.1663,65513
0.172,65510
0.1777,65513
0.1834,65510
0.1891,65511
0.1948,65512
0.2005,65511
0.2062,65509
0.2119,65515
0.2176,65510
0.2233,65512
0.2291,65512
0.2348,65511
0.2405,65511
0.2462,65510
0.2519,65513
0.2576,65512
0.2633,65511
0.269,65512
0.2747,65510
0.2804,65511
0.2861,65512
0.2918,65511
0.2976,65513
0.3033,65513
0.309,65513
0.3147,65513
0.3204,65511
0.3261,65514
0.3318,65513
0.3375,65513
0.3432,65513
0.3489,65514
0.3546,65513
0.3604,65512
0.3661,65512
0.3718,65511
0.3775,65513
0.3832,65513
0.3889,65513
0.3946,65510
0.4003,65511
0.406,65513
0.4117,65513
0.4174,65512
0.4232,65512
0.4289,65513
0.4346,65511
0.4403,65514
0.446,65514
0.4517,65511
0.4574,65511
0.4631,65512
0.4688,65513
0.4745,65514
0.4802,65512
0.4859,65514
0.4917,65513
0.4974,65513
0.5031,65513
0.5088,65513
0.5145,65512
0.5202,65512
0.5259,65513
0.5316,65511
0.5373,65511
0.543,65513
0.5487,65514
0.5544,65512
0.5602,65512
0.5659,65514
0.5716,65512
0.5773,65511
0.583,65512
0.5887,65514
0.5944,65512
0.6001,65512
0.6058,65510
0.6115,65513
0.6172,65511
0.6229,65510
0.6287,65509
0.6344,65510
0.6401,65512
0.6458,65511
0.6515,65511
0.6572,65512
0.6629,65513
0.6686,65510
0.6743,65511
0.6801,65511
0.6858,65511
0.6915,65511
0.6972,65514
0.7029,65511
0.7086,65512
0.7143,65510
0.72,65513
0.7257,65514
0.7314,65512
0.7371,65512
0.7429,65514
0.7486,65511
0.7543,65512
0.76,65515
0.7657,65512
0.7714,65512
0.7771,65513
0.7828,65513
0.7885,65512
0.7942,65514
0.7999,65511
0.8057,65512
0.8114,65513
0.8171,65513
0.8228,65512
0.8285,65513
0.8342,65512
0.8399,65511
0.8456,65512
0.8513,65510
0.857,65513
0.8627,65511
0.8684,65510
0.8741,65512
0.8799,65514
0.8856,65513
0.8913,65512
0.897,65513
0.9027,65514
0.9084,65512
0.9141,65510
0.9198,65512
0.9255,65512
0.9312,65513
0.9369,65513
0.9426,65511
0.9483,65512
0.9541,65513
0.9598,65511
0.9655,65513
0.9712,65511
0.9769,65514
0.9826,65510
0.9883,65511
0.994,65511
0.9997,65511
1.0055,65511
1.0112,65511
1.0169,65512
1.0226,65511
1.0283,65512
1.034,65512
1.0397,65510
1.0454,65512
1.0511,65511
1.0568,65514
1.0625,65511
1.0682,65512
1.074,65514
1.0797,65513
1.0854,65513
1.0911,65511
1.0968,65512
1.1025,65512
1.1082,65513
1.1139,65512
1.1196,65513
1.1254,65511
1.1311,65513
1.1368,65513
1.1425,65512
1.1482,65513
1.1539,65511
1.1596,65515
1.1653,65512
1.171,65513
1.1767,65511
1.1824,65512
1.1882,65513
1.1939,65513
1.1996,65512
1.2053,65512
1.211,65513
1.2167,65510
1.2224,65513
1.2281,65512
1.2338,65514
1.2395,65514
1.2452,65513
1.251,65511
1.2567,65512
1.2624,65512
1.2681,65512
1.2738,65512
1.2795,65513
1.2853,65512
1.291,65510
1.2967,65512
1.3024,65511
1.3081,65511
1.3138,65511
1.3195,65510
1.3252,65514
1.3309,65512
1.3366,65512
1.3423,65512
1.348,65513
1.3538,65511
1.3595,65512
1.3652,65511
1.3709,65512
1.3766,65512
1.3823,65512
1.388,65513
1.3937,65513
1.3994,65510
1.4051,65513
1.4108,65513
1.4166,65513
1.4223,65512
1.428,65513
1.4337,65511
1.4394,65512
1.4451,65512
1.4508,65513
1.4565,65513
1.4622,65512
1.468,65510
1.4737,65510
1.4794,65510
1.4851,65512
1.4908,65513
1.4965,65510
1.5022,65509
1.508,65511
1.5137,65509
1.5194,65511
1.5251,65510
1.5308,65510
1.5365,65508
1.5422,65513
1.5479,65511
1.5536,65509
1.5593,65511
1.565,65512
1.5708,65511
1.5765,65511
1.5822,65513
1.5879,65512
1.5936,65509
1.5993,65511
1.605,65511
1.6107,65511
1.6164,65510
1.6221,65510
1.6278,65510
1.6335,65508
1.6392,65511
1.6449,65509
1.6507,65509
1.6564,65510
1.6621,65513
1.6678,65509
1.6735,65510
1.6792,65508
1.6849,65509
1.6906,65508
1.6963,65511
1.702,65508
1.7077,65509
1.7135,65506
1.7192,65504
1.7249,65508
1.7306,65507
1.7363,65507
1.742,65507
1.7477,65508
1.7534,65506
1.7591,65508
1.7648,65508
1.7706,65510
1.7763,65513
1.782,65510
1.7877,65509
1.7934,65510
1.7991,65509
1.8049,65508
1.8106,65508
1.8163,65508
1.822,65509
1.8277,65510
1.8334,65508
1.8391,65510
1.8448,65508
1.8505,65510
1.8563,65509
1.862,65511
1.8677,65512
1.8734,65513
1.8791,65509
1.8848,65509
1.8905,65510
1.8962,65510
1.9019,65511
1.9076,65510
1.9133,65508
1.919,65509
1.9248,65512
1.9305,65510
1.9362,65510
1.9419,65510
1.9476,65509
1.9533,65512
1.959,65511
1.9647,65511
1.9704,65511
1.9761,65510
1.9818,65511
1.9875,65512
1.9933,65511
1.999,65511
2.0047,65510
2.0104,65511
2.0161,65511
2.0218,65511
2.0275,65508
2.0332,65510
2.0389,65513
2.0446,65510
2.0503,65511
2.0561,65510
2.0618,65509
2.0675,65510
2.0732,65511
2.0789,65508
2.0846,65511
2.0903,65510
2.096,65513
2.1017,65510
2.1074,65509
2.1131,65509
2.1188,65510
2.1245,65507
2.1303,65510
2.136,65508
2.1417,65508
2.1474,65509
2.1531,65511
2.1588,65507
2.1645,65510
2.1702,65510
2.1759,65507
2.1816,65507
2.1873,65511
2.193,65510
2.1987,65513
2.2045,65511
2.2102,65511
2.2159,65510
2.2216,65510
2.2273,65509
2.233,65508
2.2387,65510
2.2444,65509
2.2501,65511
2.2558,65511
2.2615,65510
2.2672,65510
2.273,65511
2.2787,65509
2.2844,65511
2.2901,65509
2.2958,65508
2.3015,65511
2.3072,65509
2.3129,65509
2.3186,65509
2.3243,65511
2.33,65508
2.3357,65508
2.3415,65511
2.3472,65508
2.3529,65510
2.3586,65509
2.3643,65510
2.37,65512
2.3757,65510
2.3814,65510
2.3871,65512
2.3928,65509
2.3985,65509
2.4042,65507
2.41,65510
2.4157,65511
2.4214,65507
2.4271,65510
2.4328,65508
2.4385,65508
2.4442,65509
2.4499,65510
2.4556,65510
2.4613,65511
2.4671,65510
2.4728,65509
2.4785,65510
2.4842,65511
2.4899,65511
2.4956,65512
2.5013,65507
2.507,65510
2.5128,65507
2.5185,65509
2.5242,65507
2.5299,65508
2.5356,65509
2.5413,65510
2.547,65511
2.5527,65512
2.5584,65510
2.5641,65514
2.5698,65512
2.5755,65510
2.5812,65511
2.587,65510
2.5927,65511
2.5984,65509
2.6041,65512
2.6098,65509
2.6155,65511
2.6212,65511
2.6269,65512
2.6326,65511
2.6383,65507
2.644,65509
2.6497,65508
2.6555,65509
2.6612,65513
2.6669,65514
2.6726,65511
2.6783,65510
2.684,65512
2.6897,65512
2.6954,65511
2.7011,65507
2.7068,65506
2.7125,65511
2.7182,65512
2.7239,65507
2.7296,65508
2.7354,65509
2.7411,65508
2.7468,65508
2.7525,65510
2.7582,65509
2.7639,65508
2.7696,65509
2.7753,65510
2.781,65512
2.7867,65511
2.7924,65509
2.7981,65510
2.8038,65511
2.8095,65509
2.8153,65510
2.821,65511
2.8267,65510
2.8324,65509
2.8381,65509
2.8438,65506
2.8495,65511
2.8552,65509
2.8609,65509
2.8667,65508
2.8724,65509
2.8781,65511
2.8838,65510
2.8895,65510
2.8952,65509
2.9009,65509
2.9066,65509
2.9123,65510
2.918,65510
2.9237,65508
2.9294,65509
2.9351,65508
2.9409,65510
2.9466,65510
2.9523,65510
2.958,65510
2.9637,65506
2.9694,65507
2.9751,65508
2.9808,65508
2.9865,65506
2.9922,65506
2.998,65509
3.0037,65509
3.0094,65505
3.0151,65506
3.0208,65506
3.0265,65510
3.0322,65510
3.0379,65509
3.0436,65509
3.0493,65509
3.0551,65508
3.0608,65510
3.0665,65508
3.0722,65510
3.0779,65510
3.0836,65508
3.0893,65513
3.095,65511
3.1007,65506
3.1064,65512
3.1121,65512
3.1178,65510
3.1235,65508
3.1292,65509
3.1349,65512
3.1406,65511
3.1464,65511
3.1521,65510
3.1578,65510
3.1635,65508
3.1692,65509
3.1749,65511
3.1806,65509
3.1863,65510
3.192,65511
3.1977,65509
3.2034,65509
3.2092,65511
3.2149,65510
3.2206,65511
3.2263,65511
3.232,65510
3.2377,65512
3.2434,65509
3.2491,65509
3.2548,65508
3.2605,65509
3.2662,65509
3.2719,65513
3.2776,65511
3.2834,65508
3.2891,65508
3.2948,65511
3.3005,65510
3.3062,65508
3.3119,65508
3.3176,65508
3.3233,65511
3.329,65509
3.3347,65508
3.3404,65511
3.3461,65510
3.3519,65510
3.3576,65511
3.3633,65511
3.369,65511
3.3747,65510
3.3804,65510
3.3861,65510
3.3918,65509
3.3975,65512
3.4032,65510
3.4089,65510
3.4146,65511
3.4203,65509
3.4261,65508
3.4318,65510
3.4375,65510
3.4432,65507
3.4489,65511
3.4546,65510
3.4603,65508
3.466,65510
3.4717,65511
3.4774,65510
3.4831,65510
3.4889,65509
3.4946,65512
3.5003,65510
3.506,65509
3.5117,65507
3.5174,65506
3.5231,65509
3.5288,65507
3.5345,65507
3.5402,65510
3.5459,65508
3.5516,65509
3.5573,65511
3.563,65507
3.5688,65508
3.5745,65509
3.5802,65509
3.5859,65512
3.5916,65511
3.5973,65512
3.603,65512
3.6087,65512
3.6144,65511
3.6201,65511
3.6258,65510
3.6315,65510
3.6372,65513
3.6429,65512
3.6487,65512
3.6544,65510
3.6601,65512
3.6658,65509
3.6715,65512
3.6772,65508
3.6829,65511
3.6886,65509
3.6943,65511
3.7,65512
3.7057,65511
3.7114,65509
3.7172,65511
3.7229,65511
3.7286,65511
3.7343,65510
3.74,65510
3.7457,65511
3.7514,65513
3.7571,65512
3.7628,65512
3.7685,65511
3.7743,65511
3.78,65507
3.7857,65509
3.7914,65508
3.7971,65508
3.8028,65513
3.8085,65510
3.8142,65510
3.8199,65511
3.8257,65509
3.8314,65511
3.8371,65510
3.8428,65508
3.8485,65509
3.8542,65509
3.8599,65510
3.8656,65512
3.8713,65511
3.877,65510
3.8827,65510
3.8884,65511
3.8942,65510
3.8999,65511
3.9056,65512
3.9113,65509
3.917,65510
3.9227,65510
3.9284,65512
3.9341,65510
3.9398,65512
3.9455,65510
3.9513,65511
3.957,65512
3.9627,65513
3.9684,65509
3.9741,65512
3.9798,65510
3.9855,65509
3.9912,65509
3.9969,65509
4.0026,65509
4.0084,65512
4.0141,65511
4.0198,65512
4.0255,65511
4.0312,65510
4.0369,65510
4.0426,65510
4.0483,65511
4.054,65509
4.0597,65509
4.0654,65508
4.0712,65510
4.0769,65510
4.0826,65508
4.0883,65509
4.094,65512
4.0997,65510
4.1054,65511
4.1111,65511
4.1168,65511
4.1225,65508
4.1282,65509
4.134,65510
4.1397,65511
4.1454,65510
4.1511,65511
4.1568,65509
4.1625,65512
4.1682,65511
4.1739,65510
4.1796,65510
4.1854,65507
4.1911,65511
4.1968,65513
4.2025,65511
4.2082,65511
4.2139,65511
4.2196,65509
4.2253,65510
4.231,65510
4.2367,65510
4.2424,65513
4.2481,65510
4.2539,65509
4.2596,65513
4.2653,65510
4.271,65510
4.2767,65509
4.2824,65510
4.2881,65511
4.2938,65512
4.2995,65512
4.3052,65510
4.3109,65514
4.3166,65509
4.3224,65512
4.3281,65511
4.3338,65510
4.3395,65509
4.3452,65512
4.3509,65508
4.3566,65511
4.3623,65509
4.368,65510
4.3737,65511
4.3794,65510
4.3851,65509
4.3909,65511
4.3966,65511
4.4023,65512
4.408,65513
4.4137,65509
4.4194,65509
4.4251,65512
4.4308,65511
4.4365,65510
4.4422,65511
4.4479,65511
4.4536,65511
4.4594,65510
4.4651,65511
4.4708,65512
4.4765,65510
4.4822,65510
4.4879,65512
4.4936,65510
4.4993,65511
4.505,65511
4.5107,65511
4.5164,65512
4.5221,65512
4.5279,65511
4.5336,65511
4.5393,65511
4.545,65511
4.5507,65511
4.5564,65511
4.5621,65510
4.5678,65511
4.5735,65511
4.5792,65511
4.5849,65510
4.5906,65510
4.5964,65511
4.6021,65511
4.6078,65511
4.6135,65507
4.6192,65511
4.6249,65509
4.6306,65509
4.6363,65507
4.642,65511
4.6477,65509
4.6534,65511
4.6591,65510
4.6648,65508
4.6705,65509
4.6763,65508
4.682,65507
4.6877,65507
4.6934,65511
4.6991,65509
4.7048,65507
4.7105,65509
4.7162,65509
4.7219,65511
4.7276,65510
4.7333,65510
4.739,65507
4.7447,65508
4.7505,65508
4.7562,65506
4.7619,65508
4.7676,65509
4.7733,65509
4.779,65508
4.7847,65507
4.7904,65507
4.7961,65507
4.8018,65509
4.8075,65508
4.8133,65510
4.819,65504
4.8247,65507
4.8304,65506
4.8361,65511
4.8418,65507
4.8475,65507
4.8532,65506
4.8589,65507
4.8646,65506
4.8703,65510
4.8761,65510
4.8818,65508
4.8875,65509
4.8932,65505
4.8989,65508
4.9046,65506
4.9103,65505
4.916,65511
4.9217,65506
4.9274,65507
4.9331,65510
4.9388,65510
4.9445,65507
4.9502,65507
4.956,65508
4.9617,65509
4.9674,65506
4.9731,65510
4.9788,65508
4.9845,65510
4.9902,65509
4.9959,65511
5.0016,65509
5.0073,65507
5.013,65506
5.0188,65508
5.0245,65509
5.0302,65503
5.0359,65506
5.0416,65508
5.0473,65508
5.053,65505
5.0587,65509
5.0644,65506
5.0701,65504
5.0758,65506
5.0815,65508
5.0873,65508
5.093,65510
5.0987,65509
5.1044,65509
5.1101,65508
5.1158,65507
5.1215,65507
5.1272,65506
5.1329,65508
5.1386,65508
5.1443,65508
5.15,65506
5.1557,65509
5.1614,65505
5.1671,65508
5.1729,65508
5.1786,65509
5.1843,65508
5.19,65510
5.1957,65509
5.2014,65508
5.2071,65509
5.2128,65508
5.2185,65508
5.2242,65505
5.2299,65508
5.2356,65505
5.2414,65510
5.2471,65507
5.2528,65506
5.2585,65507
5.2642,65509
5.2699,65506
5.2756,65509
5.2813,65508
5.287,65511
5.2927,65508
5.2984,65505
5.3042,65506
5.3099,65506
5.3156,65507
5.3213,65510
5.327,65508
5.3327,65510
5.3384,65506
5.3441,65508
5.3498,65507
5.3556,65507
5.3613,65507
5.367,65506
5.3727,65506
5.3784,65504
5.3841,65506
5.3898,65504
5.3955,65512
5.4012,65510
5.4069,65508
5.4126,65510
5.4183,65506
5.4241,65508
5.4298,65511
5.4355,65509
5.4412,65508
5.4469,65509
5.4526,65506
5.4583,65510
5.464,65508
5.4697,65506
5.4754,65509
5.4812,65510
5.4869,65511
5.4926,65511
5.4983,65509
5.504,65510
5.5097,65507
5.5154,65509
5.5211,65507
5.5268,65508
5.5325,65507
5.5382,65508
5.5439,65508
5.5497,65508
5.5554,65509
5.5611,65508
5.5668,65507
5.5725,65509
5.5782,65509
5.5839,65509
5.5896,65507
5.5953,65505
5.601,65503
5.6067,65508
5.6124,65507
5.6182,65507
5.6239,65508
5.6296,65506
5.6353,65505
5.641,65508
5.6467,65509
5.6524,65502
5.6581,65506
5.6638,65505
5.6695,65504
5.6752,65506
5.6809,65506
5.6866,65505
5.6924,65506
5.6981,65504
5.7038,65502
5.7095,65508
5.7152,65508
5.7209,65509
5.7266,65507
5.7323,65507
5.738,65507
5.7437,65505
5.7494,65508
5.7551,65508
5.7608,65507
5.7665,65506
5.7723,65510
5.778,65507
5.7837,65507
5.7894,65509
5.7951,65508
5.8008,65509
5.8065,65508
5.8122,65510
5.8179,65509
5.8236,65509
5.8293,65506
5.835,65507
5.8407,65506
5.8465,65504
5.8522,65508
5.8579,65503
5.8636,65504
5.8693,65507
5.875,65504
5.8807,65505
5.8864,65510
5.8921,65507
5.8978,65506
5.9036,65507
5.9093,65506
5.915,65509
5.9207,65507
5.9264,65506
5.9321,65508
5.9378,65508
5.9435,65507
5.9493,65509
5.955,65507
5.9607,65507
5.9664,65507
5.9721,65509
5.9778,65507
5.9835,65510
5.9892,65509
5.9949,65507
6.0006,65508
6.0063,65506
6.0121,65508
6.0178,65507
6.0235,65508
6.0292,65507
6.0349,65508
6.0406,65508
6.0463,65507
6.052,65508
6.0577,65506
6.0634,65507
6.0691,65507
6.0748,65509
6.0805,65508
6.0863,65507
6.092,65507
6.0977,65506
6.1034,65507
6.1091,65507
6.1148,65508
6.1205,65510
6.1262,65508
6.1319,65508
6.1376,65509
6.1433,65511
6.149,65510
6.1548,65510
6.1605,65506
6.1662,65511
6.1719,65507
6.1776,65507
6.1833,65508
6.189,65509
6.1947,65508
6.2004,65508
6.2061,65507
6.2118,65510
6.2176,65510
6.2233,65507
6.229,65509
6.2347,65505
6.2404,65508
6.2461,65507
6.2518,65509
6.2575,65507
6.2632,65506
6.2689,65505
6.2747,65509
6.2804,65509
6.2861,65507
6.2918,65507
6.2975,65509
6.3032,65508
6.3089,65503
6.3146,65508
6.3203,65506
6.326,65504
6.3317,65510
6.3374,65506
6.3431,65506
6.3489,65508
6.3546,65506
6.3603,65508
6.366,65508
6.3717,65508
6.3774,65506
6.3831,65509
6.3888,65509
6.3945,65509
6.4002,65508
6.4059,65509
6.4116,65509
6.4174,65508
6.4231,65507
6.4288,65508
6.4345,65506
6.4402,65509
6.4459,65506
6.4516,65508
6.4573,65508
6.463,65507
6.4687,65508
6.4744,65511
6.4802,65510
6.4859,65509
6.4916,65507
6.4973,65507
6.503,65506
6.5087,65507
6.5144,65508
6.5201,65509
6.5258,65505
6.5315,65509
6.5372,65507
6.5429,65506
6.5486,65510
6.5544,65510
6.5601,65510
6.5658,65509
6.5715,65508
6.5772,65507
6.5829,65509
6.5886,65507
6.5943,65508
6.6,65508
6.6057,65506
6.6114,65507
6.6171,65509
6.6229,65509
6.6286,65508
6.6343,65508
6.64,65510
6.6457,65509
6.6514,65505
6.6571,65509
6.6628,65509
6.6685,65507
6.6742,65510
6.6799,65508
6.6856,65508
6.6914,65505
6.6971,65507
6.7028,65507
6.7085,65506
6.7142,65507
6.7199,65510
6.7256,65507
6.7313,65509
6.737,65508
6.7428,65509
6.7485,65506
6.7542,65508
6.7599,65506
6.7656,65508
6.7713,65506
6.777,65510
6.7827,65506
6.7884,65504
6.7941,65508
6.7998,65508
6.8056,65506
6.8113,65506
6.817,65509
6.8227,65508
6.8284,65508
6.8341,65508
6.8398,65506
6.8455,65505
6.8512,65508
6.8569,65509
6.8627,65508
6.8684,65506
6.8741,65507
6.8798,65505
6.8855,65509
6.8912,65508
6.8969,65508
6.9026,65505
6.9083,65505
6.914,65505
6.9197,65505
6.9254,65503
6.9311,65506
6.9368,65505
6.9426,65502
6.9483,65509
6.954,65508
6.9597,65509
6.9654,65510
6.9711,65505
6.9768,65505
6.9825,65505
6.9882,65505
6.9939,65506
6.9996,65506
7.0053,65507
7.0111,65506
7.0168,65509
7.0225,65506
7.0282,65503
7.0339,65507
7.0396,65508
7.0453,65505
7.051,65506
7.0567,65507
7.0624,65504
7.0682,65506
7.0739,65506
7.0796,65507
7.0853,65507
7.091,65508
7.0967,65507
7.1024,65504
7.1082,65506
7.1139,65507
7.1196,65507
7.1253,65506
7.131,65507
7.1367,65507
7.1424,65511
7.1481,65507
7.1538,65508
7.1595,65506
7.1652,65504
7.1709,65504
7.1767,65506
7.1824,65504
7.1881,65507
7.1938,65505
7.1995,65504
7.2052,65508
7.2109,65507
7.2166,65509
7.2223,65506
7.228,65505
7.2337,65506
7.2394,65506
7.2452,65507
7.2509,65505
7.2566,65509
7.2623,65502
7.268,65507
7.2737,65502
7.2794,65501
7.2851,65508
7.2908,65508
7.2965,65509
7.3022,65509
7.3079,65507
7.3137,65505
7.3194,65502
7.3251,65504
7.3308,65506
7.3365,65508
7.3422,65506
7.3479,65504
7.3536,65501
7.3593,65503
7.365,65501
7.3707,65502
7.3765,65503
7.3822,65507
7.3879,65507
7.3936,65506
7.3993,65504
7.405,65506
7.4107,65503
7.4164,65506
7.4221,65504
7.4278,65506
7.4335,65506
7.4392,65508
7.445,65505
7.4507,65507
7.4564,65505
7.4621,65509
7.4678,65510
7.4735,65508
7.4792,65507
7.4849,65507
7.4906,65505
7.4963,65505
7.502,65507
7.5077,65505
7.5134,65508
7.5192,65508
7.5249,65508
7.5306,65508
7.5363,65507
7.542,65508
7.5477,65509
7.5534,65507
7.5591,65509
7.5648,65508
7.5705,65506
7.5762,65503
7.5819,65506
7.5876,65502
7.5933,65508
7.5991,65507
7.6048,65505
7.6105,65508
7.6162,65504
7.6219,65505
7.6276,65505
7.6333,65507
7.639,65508
7.6447,65505
7.6504,65502
7.6561,65504
7.6618,65503
7.6675,65504
7.6733,65500
7.679,65499
7.6847,65505
7.6904,65507
7.6961,65505
7.7018,65504
7.7075,65505
7.7132,65503
7.7189,65502
7.7246,65501
7.7304,65505
7.7361,65506
7.7418,65502
7.7475,65503
7.7532,65500
7.7589,65502
7.7646,65506
7.7703,65503
7.776,65502
7.7817,65504
7.7874,65505
7.7931,65501
7.7989,65501
7.8046,65499
7.8103,65502
7.816,65503
7.8217,65503
7.8274,65501
7.8331,65503
7.8388,65505
7.8445,65505
7.8503,65502
7.856,65507
7.8617,65505
7.8674,65503
7.8731,65503
7.8788,65507
7.8845,65502
7.8902,65507
7.8959,65502
7.9016,65503
7.9073,65504
7.913,65508
7.9187,65507
7.9245,65503
7.9302,65503
7.9359,65504
7.9416,65503
7.9473,65505
7.953,65502
7.9587,65504
7.9644,65505
7.9701,65505
7.9758,65506
7.9815,65499
7.9873,65505
7.993,65501
7.9987,65505
8.0044,65505
8.0101,65504
8.0158,65504
8.0215,65508
8.0272,65501
8.0329,65505
8.0386,65506
8.0444,65506
8.0501,65507
8.0558,65504
8.0615,65503
8.0672,65502
8.0729,65505
8.0786,65502
8.0843,65503
8.09,65505
8.0957,65502
8.1014,65504
8.1071,65504
8.1129,65505
8.1186,65505
8.1243,65506
8.13,65505
8.1357,65506
8.1414,65505
8.1471,65504
8.1528,65506
8.1585,65503
8.1642,65504
8.1699,65502
8.1757,65505
8.1814,65507
8.1871,65506
8.1928,65506
8.1985,65502
8.2042,65508
8.2099,65505
8.2156,65505
8.2213,65503
8.227,65508
8.2328,65507
8.2385,65505
8.2442,65504
8.2499,65509
8.2556,65507
8.2613,65506
8.267,65507
8.2727,65505
8.2784,65506
8.2841,65505
8.2898,65509
8.2955,65504
8.3012,65504
8.3069,65504
8.3127,65505
8.3184,65506
8.3241,65505
8.3298,65504
8.3355,65509
8.3412,65504
8.3469,65505
8.3526,65507
8.3583,65501
8.364,65504
8.3697,65504
8.3754,65503
8.3812,65503
8.3869,65506
8.3926,65505
8.3983,65507
8.404,65504
8.4097,65506
8.4154,65503
8.4211,65505
8.4268,65503
8.4325,65503
8.4382,65504
8.4439,65502
8.4496,65505
8.4554,65506
8.4611,65503
8.4668,65503
8.4725,65502
8.4782,65503
8.4839,65503
8.4896,65501
8.4953,65503
8.501,65503
8.5067,65505
8.5124,65504
8.5181,65506
8.5239,65505
8.5296,65506
8.5353,65502
8.541,65505
8.5467,65504
8.5524,65504
8.5581,65505
8.5638,65502
8.5695,65504
8.5752,65504
8.5809,65506
8.5866,65506
8.5924,65501
8.5981,65505
8.6038,65505
8.6095,65505
8.6152,65504
8.6209,65505
8.6266,65500
8.6323,65503
8.638,65504
8.6437,65504
8.6494,65501
8.6551,65504
8.6609,65505
8.6666,65505
8.6723,65503
8.678,65505
8.6837,65506
8.6894,65504
8.6951,65499
8.7008,65503
8.7065,65508
8.7122,65504
8.7179,65501
8.7236,65503
8.7293,65501
8.7351,65506
8.7408,65503
8.7465,65505
8.7522,65503
8.7579,65502
8.7636,65505
8.7693,65503
8.775,65503
8.7807,65504
8.7864,65506
8.7921,65508
8.7978,65504
8.8036,65505
8.8093,65505
8.815,65506
8.8207,65506
8.8264,65505
8.8321,65501
8.8378,65503
8.8435,65500
8.8492,65507
8.8549,65504
8.8606,65505
8.8663,65501
8.872,65504
8.8778,65507
8.8835,65502
8.8892,65504
8.8949,65504
8.9006,65504
8.9063,65505
8.912,65504
8.9177,65505
8.9234,65502
8.9291,65505
8.9348,65505
8.9405,65499
8.9463,65505
8.952,65507
8.9577,65505
8.9634,65503
8.9691,65506
8.9748,65503
8.9805,65507
8.9862,65502
8.9919,65503
8.9976,65504
9.0033,65505
9.009,65503
9.0147,65503
9.0205,65503
9.0262,65503
9.0319,65497
9.0376,65505
9.0433,65505
9.049,65506
9.0547,65502
9.0604,65503
9.0661,65501
9.0718,65502
9.0776,65507
9.0833,65505
9.089,65503
9.0947,65504
9.1004,65501
9.1061,65505
9.1118,65503
9.1175,65504
9.1232,65504
9.1289,65502
9.1346,65502
9.1403,65502
9.146,65498
9.1518,65503
9.1575,65502
9.1632,65500
9.1689,65502
9.1746,65507
9.1803,65501
9.186,65504
9.1917,65500
9.1974,65504
9.2031,65504
9.2088,65505
9.2145,65502
9.2203,65503
9.226,65503
9.2317,65502
9.2374,65505
9.2431,65507
9.2488,65503
9.2545,65502
9.2602,65504
9.2659,65507
9.2716,65504
9.2774,65505
9.2831,65504
9.2888,65504
9.2945,65505
9.3002,65505
9.3059,65504
9.3116,65502
9.3173,65504
9.323,65499
9.3287,65502
9.3344,65506
9.3401,65500
9.3459,65503
9.3516,65501
9.3573,65503
9.363,65507
9.3687,65502
9.3744,65501
9.3801,65503
9.3858,65501
9.3915,65503
9.3972,65508
9.4029,65505
9.4087,65502
9.4144,65506
9.4201,65505
9.4258,65503
9.4315,65504
9.4372,65506
9.4429,65503
9.4486,65500
9.4543,65503
9.4601,65501
9.4658,65502
9.4715,65505
9.4772,65503
9.4829,65503
9.4886,65505
9.4943,65504
9.5,65503
9.5057,65502
9.5114,65504
9.5171,65505
9.5229,65498
9.5286,65503
9.5343,65500
9.54,65501
9.5457,65502
9.5514,65499
9.5571,65503
9.5628,65500
9.5685,65504
9.5742,65504
9.5799,65501
9.5857,65501
9.5914,65501
9.5971,65500
9.6028,65503
9.6085,65503
9.6142,65499
9.6199,65505
9.6256,65501
9.6313,65503
9.6371,65502
9.6428,65504
9.6485,65502
9.6542,65502
9.6599,65501
9.6656,65504
9.6713,65500
9.677,65504
9.6827,65503
9.6884,65503
9.6941,65503
9.6998,65499
9.7055,65501
9.7112,65500
9.7169,65501
9.7227,65508
9.7284,65502
9.7341,65501
9.7398,65505
9.7455,65503
9.7512,65500
9.7569,65499
9.7626,65505
9.7683,65502
9.774,65502
9.7797,65500
9.7854,65499
9.7911,65502
9.7969,65504
9.8026,65504
9.8083,65503
9.814,65505
9.8197,65505
9.8254,65503
9.8311,65505
9.8368,65507
9.8426,65502
9.8483,65505
9.854,65503
9.8597,65504
9.8654,65503
9.8711,65503
9.8768,65499
9.8825,65502
9.8882,65507
9.8939,65502
9.8996,65506
9.9053,65501
9.9111,65500
9.9168,65502
9.9225,65502
9.9282,65503
9.9339,65503
9.9396,65501
9.9453,65501
9.951,65505
9.9567,65503
9.9624,65502
9.9681,65501
9.9738,65504
9.9796,65504
9.9853,65499
9.991,65501
9.9967,65495
10.0024,65501
10.0081,65503
10.0138,65499
10.0195,65499
10.0252,65502
10.0309,65502
10.0366,65499
10.0424,65498
10.0481,65506
10.0538,65505
10.0595,65497
10.0652,65499
10.0709,65498
10.0766,65502
10.0823,65501
10.088,65500
10.0937,65498
10.0994,65503
10.1051,65501
10.1108,65500
10.1166,65504
10.1223,65501
10.128,65506
10.1337,65501
10.1394,65501
10.1451,65502
10.1508,65501
10.1565,65505
10.1622,65500
10.1679,65503
10.1737,65504
10.1794,65504
10.1851,65506
10.1908,65504
10.1965,65507
10.2022,65501
10.2079,65507
10.2136,65504
10.2193,65502
10.2251,65503
10.2308,65500
10.2365,65504
10.2422,65504
10.2479,65505
10.2536,65506
10.2593,65502
10.265,65504
10.2707,65502
10.2764,65503
10.2821,65503
10.2878,65503
10.2936,65503
10.2993,65500
10.305,65505
10.3107,65500
10.3164,65501
10.3221,65500
10.3278,65501
10.3335,65502
10.3392,65503
10.3449,65503
10.3506,65501
10.3564,65502
10.3621,65500
10.3678,65501
10.3735,65500
10.3792,65503
10.3849,65503
10.3906,65502
10.3963,65507
10.402,65505
10.4077,65502
10.4134,65503
10.4192,65497
10.4249,65501
10.4306,65502
10.4363,65504
10.442,65495
10.4477,65503
10.4534,65504
10.4591,65502
10.4648,65501
10.4705,65505
10.4762,65500
10.482,65503
10.4877,65500
10.4934,65497
10.4991,65501
10.5048,65505
10.5105,65503
10.5162,65503
10.5219,65503
10.5276,65503
10.5333,65502
10.539,65505
10.5447,65503
10.5504,65501
10.5562,65505
10.5619,65504
10.5676,65503
10.5733,65500
10.579,65503
10.5847,65504
10.5904,65502
10.5961,65499
10.6018,65499
10.6075,65500
10.6132,65502
10.6189,65501
10.6246,65498
10.6304,65502
10.6361,65504
10.6418,65505
10.6475,65501
10.6532,65502
10.6589,65502
10.6646,65503
10.6703,65502
10.676,65497
10.6817,65499
10.6874,65503
10.6932,65498
10.6989,65503
10.7046,65500
10.7103,65500
10.716,65503
10.7217,65497
10.7274,65501
10.7331,65503
10.7388,65502
10.7445,65502
10.7503,65507
10.756,65500
10.7617,65501
10.7674,65502
10.7731,65500
10.7788,65506
10.7845,65503
10.7902,65502
10.7959,65503
10.8016,65506
10.8073,65497
10.813,65505
10.8188,65502
10.8245,65502
10.8302,65501
10.8359,65502
10.8416,65504
10.8473,65501
10.853,65500
10.8587,65501
10.8644,65503
10.8701,65503
10.8758,65504
10.8815,65505
10.8873,65503
10.893,65502
10.8987,65500
10.9044,65501
10.9101,65506
10.9158,65502
10.9215,65503
10.9272,65503
10.9329,65502
10.9386,65506
10.9443,65504
10.95,65506
10.9557,65503
10.9615,65501
10.9672,65503
10.9729,65500
10.9786,65500
10.9843,65498
10.99,65500
10.9957,65505
11.0014,65504
11.0071,65504
11.0128,65501
11.0185,65499
11.0242,65506
11.03,65502
11.0357,65504
11.0414,65505
11.0471,65504
11.0528,65505
11.0585,65505
11.0642,65500
11.0699,65503
11.0756,65502
11.0813,65501
11.087,65501
11.0928,65498
11.0985,65502
11.1042,65503
11.1099,65502
11.1156,65502
11.1213,65504
11.127,65506
11.1327,65504
11.1384,65505
11.1441,65502
11.1498,65501
11.1555,65502
11.1613,65501
11.167,65502
11.1727,65501
11.1784,65505
11.1841,65503
11.1898,65506
11.1955,65505
11.2012,65506
11.2069,65503
11.2126,65503
11.2183,65502
11.224,65505
11.2298,65506
11.2355,65505
11.2412,65505
11.2469,65502
11.2526,65504
11.2583,65505
11.264,65504
11.2697,65503
11.2754,65502
11.2811,65502
11.2868,65500
11.2925,65506
11.2982,65503
11.3039,65501
11.3097,65498
11.3154,65500
11.3211,65504
11.3268,65502
11.3325,65503
11.3382,65503
11.3439,65504
11.3496,65507
11.3553,65503
11.361,65501
11.3667,65505
11.3725,65506
11.3782,65505
11.3839,65504
11.3896,65505
11.3953,65504
11.401,65502
11.4067,65503
11.4124,65503
11.4181,65503
11.4238,65502
11.4295,65503
11.4352,65501
11.4409,65501
11.4467,65504
11.4524,65502
11.4581,65501
11.4638,65502
11.4695,65505
11.4752,65507
11.4809,65506
11.4866,65504
11.4923,65502
11.498,65500
11.5037,65503
11.5094,65501
11.5151,65505
11.5208,65505
11.5266,65503
11.5323,65501
11.538,65503
11.5437,65504
11.5494,65503
11.5551,65503
11.5608,65504
11.5665,65498
11.5722,65500
11.5779,65499
11.5837,65502
11.5894,65505
11.5951,65505
11.6008,65502
11.6065,65502
11.6122,65505
11.6179,65503
11.6236,65500
11.6293,65502
11.635,65502
11.6407,65502
11.6464,65502
11.6522,65501
11.6579,65505
11.6636,65502
11.6693,65503
11.675,65499
11.6807,65502
11.6864,65502
11.6921,65500
11.6978,65502
11.7035,65500
11.7092,65500
11.7149,65501
11.7207,65502
11.7264,65501
11.7321,65502
11.7378,65500
11.7435,65496
11.7492,65502
11.7549,65501
11.7606,65506
11.7663,65505
11.772,65502
11.7777,65503
11.7834,65502
11.7892,65503
11.7949,65500
11.8006,65499
11.8063,65502
11.812,65499
11.8177,65500
11.8234,65498
11.8291,65504
11.8348,65500
11.8405,65502
11.8462,65503
11.8519,65507
11.8577,65505
11.8634,65502
11.8691,65502
11.8748,65504
11.8805,65506
11.8862,65497
11.8919,65502
11.8976,65504
11.9033,65503
11.909,65497
11.9147,65505
11.9205,65499
11.9262,65501
11.9319,65499
11.9376,65499
11.9433,65501
11.949,65502
11.9547,65503
11.9604,65503
11.9661,65500
11.9718,65504
11.9775,65499
11.9833,65503
11.989,65498
11.9947,65500
12.0004,65498
12.0061,65503
12.0118,65500
12.0175,65499
12.0232,65499
12.0289,65503
12.0346,65500
12.0403,65500
12.046,65501
12.0517,65501
12.0575,65499
12.0632,65501
12.0689,65496
12.0746,65501
12.0803,65504
12.086,65501
12.0917,65502
12.0974,65501
12.1031,65505
12.1088,65500
12.1145,65499
12.1202,65498
12.1259,65502
12.1316,65505
12.1374,65502
12.1431,65502
12.1488,65501
12.1545,65503
12.1602,65498
12.1659,65502
12.1716,65502
12.1773,65502
12.183,65502
12.1887,65504
12.1944,65502
12.2001,65501
12.2058,65503
12.2116,65504
12.2173,65500
12.223,65499
12.2287,65502
12.2344,65500
12.2401,65504
12.2458,65504
12.2515,65497
12.2572,65503
12.2629,65497
12.2686,65504
12.2744,65500
12.2801,65500
12.2858,65500
12.2915,65502
12.2972,65502
12.3029,65500
12.3086,65504
12.3143,65502
12.32,65503
12.3257,65502
12.3314,65504
12.3371,65504
12.3428,65503
12.3486,65500
12.3543,65505
12.36,65502
12.3657,65499
12.3714,65501
12.3771,65500
12.3828,65502
12.3885,65503
12.3942,65502
12.3999,65496
12.4056,65502
12.4113,65505
12.4171,65501
12.4228,65502
12.4285,65498
12.4342,65500
12.4399,65498
12.4456,65506
12.4513,65501
12.457,65500
12.4627,65503
12.4684,65499
12.4741,65498
12.4798,65499
12.4856,65501
12.4913,65503
12.497,65498
12.5027,65506
12.5084,65503
12.5141,65502
12.5198,65502
12.5255,65500
12.5312,65501
12.5369,65499
12.5426,65498
12.5483,65503
12.5541,65498
12.5598,65500
12.5655,65505
12.5712,65501
12.5769,65502
12.5826,65501
12.5883,65498
12.594,65501
12.5997,65498
12.6054,65503
12.6112,65500
12.6169,65496
12.6226,65500
12.6283,65502
12.634,65499
12.6397,65499
12.6454,65497
12.6511,65498
12.6568,65498
12.6625,65501
12.6682,65497
12.674,65502
12.6797,65498
12.6854,65502
12.6911,65498
12.6968,65499
12.7025,65503
12.7082,65501
12.7139,65501
12.7196,65504
12.7253,65499
12.731,65500
12.7367,65499
12.7425,65505
12.7482,65499
12.7539,65503
12.7596,65500
12.7653,65501
12.771,65500
12.7767,65502
12.7824,65503
12.7881,65501
12.7938,65500
12.7996,65502
12.8053,65500
12.811,65500
12.8167,65503
12.8224,65499
12.8281,65502
12.8338,65502
12.8395,65503
12.8452,65500
12.8509,65498
12.8566,65503
12.8623,65502
12.8681,65498
12.8738,65500
12.8795,65497
12.8852,65500
12.8909,65497
12.8966,65498
12.9023,65497
12.908,65499
12.9137,65501
12.9194,65503
12.9252,65500
12.9309,65498
12.9366,65502
12.9423,65501
12.948,65502
12.9537,65502
12.9594,65498
12.9651,65507
12.9708,65499
12.9765,65502
12.9822,65500
12.9879,65501
12.9936,65500
12.9993,65504
13.0051,65499
13.0108,65501
13.0165,65499
13.0222,65503
13.0279,65500
13.0336,65505
13.0393,65495
13.045,65498
13.0507,65499
13.0565,65498
13.0622,65499
13.0679,65499
13.0736,65499
13.0793,65498
13.085,65501
13.0907,65499
13.0964,65505
13.1021,65499
13.1078,65498
13.1136,65498
13.1193,65498
13.125,65497
13.1307,65498
13.1364,65498
13.1421,65503
13.1478,65501
13.1535,65500
13.1592,65499
13.1649,65502
13.1706,65499
13.1763,65500
13.1821,65497
13.1878,65502
13.1935,65503
13.1992,65498
13.2049,65498
13.2106,65505
13.2163,65501
13.222,65503
13.2277,65500
13.2334,65504
13.2391,65500
13.2448,65499
13.2505,65499
13.2563,65500
13.262,65500
13.2677,65498
13.2734,65496
13.2791,65502
13.2848,65500
13.2905,65502
13.2962,65497
13.3019,65499
13.3076,65505
13.3133,65499
13.319,65499
13.3248,65499
13.3305,65500
13.3362,65499
13.3419,65499
13.3476,65500
13.3533,65497
13.359,65498
13.3647,65500
13.3704,65499
13.3761,65502
13.3818,65504
13.3875,65496
13.3932,65497
13.3989,65500
13.4047,65501
13.4104,65503
13.4161,65504
13.4218,65497
13.4275,65501
13.4332,65497
13.4389,65497
13.4446,65502
13.4503,65497
13.456,65502
13.4617,65501
13.4674,65501
13.4731,65500
13.4789,65501
13.4846,65500
13.4903,65504
13.496,65499
13.5017,65502
13.5074,65503
13.5131,65504
13.5188,65499
13.5245,65500
13.5302,65500
13.536,65501
13.5417,65499
13.5474,65499
13.5531,65500
13.5588,65501
13.5645,65499
13.5702,65499
13.5759,65499
13.5816,65504
13.5874,65502
13.5931,65504
13.5988,65499
13.6045,65498
13.6102,65498
13.6159,65496
13.6216,65498
13.6273,65502
13.633,65498
13.6387,65496
13.6444,65500
13.6501,65503
13.6558,65496
13.6615,65502
13.6673,65501
13.673,65501
13.6787,65501
13.6844,65500
13.6901,65501
13.6958,65503
13.7015,65498
13.7072,65501
13.7129,65499
13.7186,65503
13.7243,65504
13.7301,65501
13.7358,65498
13.7415,65499
13.7472,65501
13.7529,65504
13.7586,65498
13.7643,65499
13.77,65501
13.7757,65502
13.7814,65500
13.7871,65504
13.7929,65501
13.7986,65499
13.8043,65502
13.81,65505
13.8157,65502
13.8214,65499
13.8271,65501
13.8328,65500
13.8385,65504
13.8442,65499
13.8499,65502
13.8556,65503
13.8614,65498
13.8671,65502
13.8728,65499
13.8785,65503
13.8842,65499
13.8899,65504
13.8956,65500
13.9013,65504
13.907,65499
13.9127,65500
13.9184,65499
13.9242,65500
13.9299,65502
13.9356,65501
13.9413,65503
13.947,65499
13.9527,65498
13.9584,65502
13.9641,65500
13.9698,65500
13.9755,65496
13.9812,65500
13.9869,65502
13.9927,65500
13.9984,65502
14.0041,65502
14.0098,65496
14.0155,65501
14.0212,65505
14.0269,65503
14.0326,65498
14.0383,65501
14.044,65504
14.0497,65499
14.0554,65504
14.0612,65500
14.0669,65499
14.0726,65502
14.0783,65502
14.084,65502
14.0897,65500
14.0954,65500
14.1011,65498
14.1068,65501
14.1125,65497
14.1182,65502
14.1239,65501
14.1296,65501
14.1354,65501
14.1411,65500
14.1468,65503
14.1525,65499
14.1582,65500
14.1639,65504
14.1696,65503
14.1753,65503
14.181,65501
14.1867,65501
14.1924,65502
14.1981,65500
14.2038,65497
14.2096,65500
14.2153,65501
14.221,65498
14.2267,65501
14.2324,65501
14.2381,65499
14.2438,65502
14.2495,65499
14.2552,65501
14.2609,65507
14.2666,65504
14.2723,65498
14.278,65496
14.2838,65495
14.2895,65501
14.2952,65499
14.3009,65499
14.3066,65500
14.3123,65495
14.318,65501
14.3237,65498
14.3294,65500
14.3351,65500
14.3408,65496
14.3465,65498
14.3523,65500
14.358,65501
14.3637,65500
14.3694,65501
14.3751,65500
14.3808,65498
14.3865,65500
14.3922,65499
14.3979,65499
14.4036,65502
14.4093,65498
14.415,65498
14.4208,65502
14.4265,65497
14.4322,65500
14.4379,65498
14.4436,65498
14.4493,65500
14.455,65501
14.4607,65497
14.4664,65500
14.4721,65499
14.4778,65496
14.4835,65498
14.4893,65499
14.495,65501
14.5007,65496
14.5064,65496
14.5121,65497
14.5178,65495
14.5235,65495
14.5292,65502
14.5349,65499
14.5406,65500
14.5464,65500
14.5521,65493
14.5578,65500
14.5635,65498
14.5692,65500
14.5749,65496
14.5806,65498
14.5863,65501
14.592,65502
14.5977,65500
14.6034,65499
14.6092,65503
14.6149,65495
14.6206,65502
14.6263,65500
14.632,65496
14.6377,65499
14.6434,65506
14.6491,65500
14.6548,65497
14.6605,65497
14.6662,65499
14.6719,65501
14.6777,65500
14.6834,65501
14.6891,65499
14.6948,65497
14.7005,65500
14.7062,65500
14.7119,65499
14.7176,65499
14.7233,65497
14.729,65499
14.7347,65502
14.7404,65501
14.7461,65503
14.7519,65500
14.7576,65501
14.7633,65496
14.769,65495
14.7747,65500
14.7804,65500
14.7861,65504
14.7918,65502
14.7975,65494
14.8032,65500
14.8089,65502
14.8146,65503
14.8204,65499
14.8261,65496
14.8318,65498
14.8375,65497
14.8432,65500
14.8489,65499
14.8546,65502
14.8603,65496
14.866,65505
14.8717,65495
14.8774,65499
14.8831,65495
14.8888,65500
14.8945,65499
14.9002,65496
14.906,65498
14.9117,65502
14.9174,65496
14.9231,65500
14.9288,65502
14.9345,65505
14.9402,65502
14.9459,65502
14.9516,65499
14.9573,65499
14.963,65498
14.9688,65497
14.9745,65496
14.9802,65501
14.9859,65497
14.9916,65498
14.9973,65500
15.003,65501
15.0087,65498
15.0144,65500
15.0202,65499
15.0259,65500
15.0316,65502
15.0373,65504
15.043,65502
15.0487,65501
15.0544,65497
15.0601,65501
15.0658,65498
15.0715,65500
15.0773,65497
15.083,65503
15.0887,65500
15.0944,65500
15.1001,65503
15.1058,65500
15.1115,65503
15.1172,65497
15.1229,65501
15.1286,65499
15.1343,65502
15.14,65502
15.1458,65505
15.1515,65501
15.1572,65503
15.1629,65505
15.1686,65502
15.1743,65500
15.18,65500
15.1857,65501
15.1914,65500
15.1971,65502
15.2028,65503
15.2086,65506
15.2143,65500
15.22,65502
15.2257,65495
15.2314,65500
15.2371,65498
15.2428,65501
15.2485,65498
15.2542,65498
15.2599,65501
15.2656,65503
15.2714,65497
15.2771,65503
15.2828,65502
15.2885,65502
15.2942,65499
15.2999,65497
15.3056,65501
15.3113,65499
15.317,65502
15.3227,65499
15.3284,65500
15.3341,65497
15.3398,65497
15.3456,65499
15.3513,65499
15.357,65499
15.3627,65503
15.3684,65502
15.3741,65500
15.3798,65501
15.3855,65499
15.3912,65499
15.3969,65501
15.4026,65501
15.4083,65502
15.4141,65499
15.4198,65500
15.4255,65501
15.4312,65499
15.4369,65500
15.4426,65500
15.4483,65501
15.454,65499
15.4597,65499
15.4654,65502
15.4711,65502
15.4768,65501
15.4825,65503
15.4883,65500
15.494,65503
15.4997,65499
15.5054,65500
15.5111,65497
15.5168,65502
15.5225,65500
15.5282,65502
15.5339,65501
15.5396,65500
15.5453,65502
15.551,65499
15.5568,65498
15.5625,65499
15.5682,65500
15.5739,65499
15.5796,65499
15.5853,65502
15.591,65498
15.5967,65500
15.6024,65504
15.6081,65497
15.6138,65500
15.6196,65499
15.6253,65500
15.631,65504
15.6367,65502
15.6424,65494
15.6481,65497
15.6538,65496
15.6595,65503
15.6652,65497
15.6709,65501
15.6766,65500
15.6823,65495
15.688,65501
15.6937,65500
15.6994,65500
15.7052,65499
15.7109,65502
15.7166,65498
15.7223,65500
15.728,65497
15.7337,65501
15.7394,65504
15.7451,65497
15.7508,65499
15.7565,65500
15.7622,65496
15.7679,65501
15.7736,65498
15.7794,65498
15.7851,65499
15.7908,65498
15.7965,65498
15.8022,65496
15.8079,65496
15.8136,65500
15.8193,65501
15.825,65495
15.8307,65501
15.8364,65497
15.8422,65500
15.8479,65498
15.8536,65496
15.8593,65498
15.865,65499
15.8707,65502
15.8764,65501
15.8821,65499
15.8878,65498
15.8935,65500
15.8992,65499
15.9049,65497
15.9106,65498
15.9164,65500
15.9221,65500
15.9278,65499
15.9335,65500
15.9392,65499
15.9449,65497
15.9506,65497
15.9563,65500
15.962,65502
15.9677,65503
15.9734,65503
15.9792,65495
15.9849,65499
15.9906,65500
15.9963,65500
16.002,65499
16.0077,65502
16.0134,65505
16.0191,65500
16.0248,65496
16.0305,65500
16.0362,65502
16.0419,65500
16.0477,65500
16.0534,65505
16.0591,65499
16.0648,65497
16.0705,65496
16.0762,65498
16.0819,65502
16.0876,65499
16.0933,65501
16.099,65500
16.1047,65499
16.1104,65495
16.1161,65500
16.1219,65502
16.1276,65500
16.1333,65500
16.139,65498
16.1447,65498
16.1504,65498
16.1561,65502
16.1618,65499
16.1675,65502
16.1732,65497
16.1789,65495
16.1847,65501
16.1904,65501
16.1961,65504
16.2018,65502
16.2075,65502
16.2132,65502
16.2189,65501
16.2246,65503
16.2303,65502
16.2361,65507
16.2418,65502
16.2475,65500
16.2532,65500
16.2589,65498
16.2646,65500
16.2703,65503
16.276,65502
16.2817,65501
16.2874,65500
16.2932,65503
16.2989,65503
16.3046,65504
16.3103,65502
16.316,65499
16.3217,65501
16.3274,65500
16.3331,65498
16.3388,65500
16.3445,65500
16.3502,65502
16.356,65502
16.3617,65499
16.3674,65502
16.3731,65503
16.3788,65498
16.3845,65501
16.3902,65501
16.3959,65502
16.4016,65503
16.4073,65499
16.413,65500
16.4187,65503
16.4244,65502
16.4302,65503
16.4359,65503
16.4416,65502
16.4473,65504
16.453,65500
16.4587,65499
16.4644,65502
16.4701,65498
16.4758,65498
16.4816,65500
16.4873,65501
16.493,65499
16.4987,65500
16.5044,65503
16.5101,65498
16.5158,65501
16.5215,65500
16.5272,65501
16.5329,65501
16.5386,65501
16.5443,65501
16.5501,65502
16.5558,65501
16.5615,65502
16.5672,65498
16.5729,65503
16.5786,65502
16.5843,65499
16.59,65501
16.5957,65499
16.6014,65498
16.6072,65497
16.6129,65501
16.6186,65500
16.6243,65500
16.63,65500
16.6357,65503
16.6414,65503
16.6471,65505
16.6528,65498
16.6585,65505
16.6642,65503
16.6699,65503
16.6757,65503
16.6814,65504
16.6871,65500
16.6928,65500
16.6985,65503
16.7042,65500
16.7099,65501
16.7156,65503
16.7213,65501
16.727,65497
16.7328,65494
16.7385,65499
16.7442,65503
16.7499,65507
16.7556,65503
16.7613,65500
16.767,65499
16.7727,65503
16.7784,65503
16.7841,65503
16.7898,65501
16.7955,65499
16.8013,65499
16.807,65507
16.8127,65502
16.8184,65499
16.8241,65500
16.8298,65504
16.8355,65502
16.8412,65499
16.8469,65503
16.8526,65499
16.8583,65504
16.864,65502
16.8698,65503
16.8755,65503
16.8812,65503
16.8869,65498
16.8926,65499
16.8983,65500
16.904,65503
16.9097,65502
16.9154,65501
16.9211,65499
16.9268,65502
16.9325,65499
16.9383,65504
16.944,65501
16.9497,65503
16.9554,65499
16.9611,65503
16.9668,65497
